150	0.09199
151	0.08921
152	0.08636
153	0.08332
154	0.08099
155	0.07865
156	0.07635
157	0.07419
158	0.07175
159	0.06949
160	0.06743
161	0.06555
162	0.06374
163	0.06205
164	0.06035
165	0.0586
166	0.05668
167	0.05535
168	0.05371
169	0.05189
170	0.05046
171	0.04913
172	0.04771
173	0.04632
174	0.04524
175	0.04417
176	0.0429
177	0.04172
178	0.04064
179	0.0395
180	0.03844
181	0.03756
182	0.03666
183	0.03568
184	0.0347
185	0.03372
186	0.03292
187	0.03188
188	0.03082
189	0.0302
190	0.02943
191	0.02853
192	0.02793
193	0.02744
194	0.02691
195	0.02623
196	0.02567
197	0.02496
198	0.02442
199	0.02382
200	0.02314
201	0.02288
202	0.02234
203	0.02186
204	0.02138
205	0.02091
206	0.02039
207	0.01995
208	0.01951
209	0.01913
210	0.01877
211	0.01833
212	0.01806
213	0.01758
214	0.01734
215	0.01685
216	0.01646
217	0.01625
218	0.01592
219	0.01561
220	0.01527
221	0.015
222	0.01468
223	0.0144
224	0.01415
225	0.01386
226	0.01361
227	0.01342
228	0.01316
229	0.01291
230	0.01272
231	0.01238
232	0.01218
233	0.01199
234	0.01181
235	0.01163
236	0.01143
237	0.01122
238	0.011
239	0.01079
240	0.01059
241	0.01048
242	0.01029
243	0.01012
244	0.01001
245	0.00985
246	0.00967
247	0.00951
248	0.00939
249	0.00931
250	0.00922
251	0.0091
252	0.00897
253	0.00881
254	0.00861
255	0.00854
256	0.00849
257	0.00836
258	0.00826
259	0.00819
260	0.00812
261	0.00798
262	0.00791
263	0.00777
264	0.00772
265	0.00765
266	0.00752
267	0.00758
268	0.00742
269	0.00732
270	0.00729
271	0.00718
272	0.00712
273	0.00703
274	0.00697
275	0.00693
276	0.00691
277	0.00698
278	0.00686
279	0.0068
280	0.00676
281	0.00671
282	0.0066
283	0.00662
284	0.00661
285	0.00658
286	0.00659
287	0.00657
288	0.00654
289	0.00648
290	0.00647
291	0.00641
292	0.00648
293	0.00648
294	0.00641
295	0.00641
296	0.00644
297	0.00654
298	0.00646
299	0.00654
300	0.00647
301	0.00654
302	0.00657
303	0.00654
304	0.0066
305	0.00667
306	0.00671
307	0.00668
308	0.00674
309	0.00683
310	0.00686
311	0.0069
312	0.00696
313	0.00705
314	0.00716
315	0.00722
316	0.00724
317	0.00733
318	0.00745
319	0.00756
320	0.00765
321	0.00775
322	0.00782
323	0.00798
324	0.00809
325	0.00816
326	0.00828
327	0.00842
328	0.00845
329	0.00861
330	0.00877
331	0.00892
332	0.00909
333	0.00925
334	0.00943
335	0.00961
336	0.00968
337	0.00998
338	0.01011
339	0.01042
340	0.01058
341	0.01082
342	0.01108
343	0.01127
344	0.01156
345	0.01198
346	0.01242
347	0.0127
348	0.01309
349	0.01348
350	0.01413
351	0.01454
352	0.0151
353	0.01583
354	0.01659
355	0.01736
356	0.01824
357	0.01918
358	0.02032
359	0.02141
360	0.02302
361	0.02458
362	0.02621
363	0.02826
364	0.03074
365	0.03319
366	0.03618
367	0.03967
368	0.04337
369	0.04799
370	0.05321
371	0.05906
372	0.0662
373	0.07359
374	0.08175
375	0.09158
376	0.1018
377	0.11479
378	0.1266
379	0.13751
380	0.14756
381	0.15367
382	0.15546
383	0.15143
384	0.14275
385	0.13052
386	0.11695
387	0.10241
388	0.08889
389	0.07707
390	0.06706
391	0.05852
392	0.05103
393	0.04536
394	0.04057
395	0.03643
396	0.03317
397	0.03022
398	0.02758
399	0.02538
400	0.02369
401	0.02215
402	0.02065
403	0.0193
404	0.01821
405	0.01724
406	0.01637
407	0.01561
408	0.01484
409	0.01415
410	0.01354
411	0.01306
412	0.01257
413	0.01208
414	0.01172
415	0.01133
416	0.01085
417	0.01043
418	0.01024
419	0.00987
420	0.00951
421	0.00936
422	0.00905
423	0.00885
424	0.00856
425	0.00839
426	0.00817
427	0.00788
428	0.00773
429	0.00761
430	0.00745
431	0.00727
432	0.00709
433	0.00703
434	0.00681
435	0.00674
436	0.00659
437	0.00634
438	0.00624
439	0.00613
440	0.00601
441	0.00589
442	0.00577
443	0.00568
444	0.00551
445	0.00543
446	0.0053
447	0.00523
448	0.00521
449	0.0051
450	0.00501
451	0.0049
452	0.00483
453	0.00471
454	0.00466
455	0.00466
456	0.00456
457	0.00446
458	0.00443
459	0.00438
460	0.00434
461	0.00432
462	0.00428
463	0.00426
464	0.00424
465	0.00428
466	0.00428
467	0.00426
468	0.00418
469	0.00414
470	0.00405
471	0.00398
472	0.00386
473	0.00375
474	0.00365
475	0.0036
476	0.00352
477	0.0034
478	0.00332
479	0.00326
480	0.00317
481	0.00312
482	0.00309
483	0.00304
484	0.00301
485	0.00299
486	0.00296
487	0.00287
488	0.00281
489	0.0028
490	0.0028
491	0.00276
492	0.00269
493	0.00262
494	0.00262
495	0.00258
496	0.00255
497	0.00253
498	0.00243
499	0.00238
500	0.00231
501	0.00224
502	0.00217
503	0.00215
504	0.00211
505	0.00202
506	0.00203
507	0.00196
508	0.00189
509	0.00188
510	0.00183
511	0.00174
512	0.00178
513	0.00173
514	0.0017
515	0.00168
516	0.00159
517	0.00154
518	0.00155
519	0.00155
520	0.00154
521	0.00154
522	0.00152
523	0.00149
524	0.00146
525	0.00144
526	0.00145
527	0.00144
528	0.00145
529	0.00147
530	0.00144
531	0.00152
532	0.00154
533	0.00153
534	0.00158
535	0.00156
536	0.00162
537	0.00172
538	0.00169
539	0.00171
540	0.00172
541	0.00175
542	0.00171
543	0.00171
544	0.00165
545	0.00161
546	0.00162
547	0.00159
548	0.0016
549	0.0016
550	0.0016
551	0.00162
552	0.00163
553	0.00159
554	0.00155
555	0.0015
556	0.00146
557	0.0014
558	0.00133
559	0.00127
560	0.00126
561	0.00123
562	0.00118
563	0.0012
564	0.00119
565	0.00115
566	0.00114
567	0.00118
568	0.00119
569	0.00118
570	0.00119
571	0.00117
572	0.00113
573	0.00112
574	0.00111
575	0.00113
576	0.0011
577	0.00108
578	0.00109
579	0.00108
580	0.00108
581	0.00105
582	0.00104
583	0.00101
584	0.00102
585	0.00102
586	0.001
587	9.7843E-4
588	9.81938E-4
589	9.94877E-4
590	9.98451E-4
591	9.87387E-4
592	9.65856E-4
593	9.6094E-4
594	9.53943E-4
595	9.54128E-4
596	9.25211E-4
597	9.09758E-4
598	8.96033E-4
599	9.33468E-4
600	9.20096E-4
601	9.09619E-4
602	8.87659E-4
603	8.99504E-4
604	8.94738E-4
605	8.7539E-4
606	8.55193E-4
607	8.66564E-4
608	8.66419E-4
609	8.54501E-4
610	8.25869E-4
611	8.46139E-4
612	8.45657E-4
613	8.06669E-4
614	7.69835E-4
615	7.75308E-4
616	7.84754E-4
617	7.65209E-4
618	7.45113E-4
619	7.40667E-4
620	7.38041E-4
621	7.40227E-4
622	7.34906E-4
623	7.11911E-4
624	6.85038E-4
625	6.83837E-4
626	7.07336E-4
627	7.01047E-4
628	6.7027E-4
629	6.50835E-4
630	6.5082E-4
631	6.74028E-4
632	6.88459E-4
633	6.53396E-4
634	6.35214E-4
635	6.66977E-4
636	6.5565E-4
637	6.38414E-4
638	6.32196E-4
639	6.39143E-4
640	6.42922E-4
641	6.88243E-4
642	6.42998E-4
643	6.484E-4
644	6.38641E-4
645	6.60912E-4
646	6.38859E-4
647	6.58531E-4
648	6.83519E-4
649	6.66862E-4
650	6.73192E-4
651	6.81763E-4
652	6.88621E-4
653	6.68977E-4
654	6.90438E-4
655	7.08505E-4
656	7.06741E-4
657	7.02025E-4
658	7.17361E-4
659	7.43306E-4
660	7.40157E-4
661	7.25041E-4
662	7.24284E-4
663	7.19111E-4
664	7.28217E-4
665	7.29187E-4
666	7.25987E-4
667	6.91512E-4
668	6.73175E-4
669	6.90792E-4
670	6.83538E-4
671	6.70436E-4
672	6.57711E-4
673	6.56344E-4
674	6.48611E-4
675	6.45526E-4
676	6.35544E-4
677	6.44714E-4
678	6.32533E-4
679	6.23945E-4
680	6.29891E-4
681	6.37216E-4
682	6.16774E-4
683	6.15963E-4
684	6.31589E-4
685	6.41112E-4
686	6.29157E-4
687	6.26735E-4
688	6.24411E-4
689	6.30006E-4
690	6.4907E-4
691	6.42856E-4
692	6.54143E-4
693	6.84608E-4
694	6.7485E-4
695	6.50111E-4
696	7.11406E-4
697	6.91937E-4
698	6.7834E-4
699	6.886E-4
700	6.96137E-4
701	7.32485E-4
702	7.30962E-4
703	7.17713E-4
704	7.38791E-4
705	7.72468E-4
706	7.80386E-4
707	7.77543E-4
708	8.27498E-4
709	8.31238E-4
710	8.13558E-4
711	8.12159E-4
712	8.29098E-4
713	8.83737E-4
714	8.79256E-4
715	8.96929E-4
716	9.43618E-4
717	9.6443E-4
718	0.001
719	0.00103
720	0.00104
721	0.0011
722	0.00111
723	0.00115
724	0.00119
725	0.00123
726	0.0013
727	0.00137
728	0.00146
729	0.0015
730	0.00163
731	0.00179
732	0.00191
733	0.00204
734	0.00217
735	0.00243
736	0.00262
737	0.00284
738	0.00314
739	0.00346
740	0.00382
741	0.00427
742	0.0047
743	0.00517
744	0.00562
745	0.00609
746	0.00654
747	0.007
748	0.00738
749	0.00779
750	0.00795
751	0.00804
752	0.00809
753	0.00788
754	0.00756
755	0.00718
756	0.0068
757	0.00639
758	0.00598
759	0.00556
760	0.00513
761	0.00474
762	0.0044
763	0.00409
764	0.00385
765	0.00358
766	0.00334
767	0.00307
768	0.00289
769	0.00261
770	0.00242
771	0.00228
772	0.00211
773	0.00194
774	0.00185
775	0.00177
776	0.00167
777	0.00158
778	0.00151
779	0.00148
780	0.00141
781	0.00135
782	0.00131
783	0.00126
784	0.00124
785	0.00118
786	0.00115
787	0.00114
788	0.00114
789	0.00111
790	0.00108
791	0.00104
792	0.00103
793	0.00102
794	9.67662E-4
795	9.89603E-4
796	9.79323E-4
797	9.35686E-4
798	9.48749E-4
799	9.28749E-4
800	8.9787E-4
801	8.87691E-4
802	8.96993E-4
803	8.69055E-4
804	8.77429E-4
805	8.73824E-4
806	8.6394E-4
807	8.65584E-4
808	8.56281E-4
809	8.32369E-4
810	8.16493E-4
811	8.47786E-4
812	8.48748E-4
813	8.37611E-4
814	8.23988E-4
815	8.16314E-4
816	8.22212E-4
817	8.35144E-4
818	8.64724E-4
819	8.42804E-4
820	8.0836E-4
821	8.78303E-4
822	8.14345E-4
823	8.2181E-4
824	8.11171E-4
825	8.06079E-4
826	7.95399E-4
827	8.18023E-4
828	8.31433E-4
829	8.1012E-4
830	8.08825E-4
831	8.27735E-4
832	8.35212E-4
833	8.30878E-4
834	8.11324E-4
835	8.15847E-4
836	8.21208E-4
837	8.15736E-4
838	8.21745E-4
839	8.53549E-4
840	8.48623E-4
841	8.78082E-4
842	8.81746E-4
843	8.29396E-4
844	8.41558E-4
845	8.596E-4
846	8.7017E-4
847	8.81387E-4
848	9.13184E-4
849	9.48012E-4
850	9.4719E-4
851	9.49803E-4
852	9.55325E-4
853	9.64944E-4
854	0.001
855	9.91646E-4
856	0.00101
857	0.00106
858	0.00106
859	0.00109
860	0.00112
861	0.00113
862	0.00117
863	0.0012
864	0.00121
865	0.0013
866	0.00132
867	0.00132
868	0.00134
869	0.00136
870	0.00141
871	0.00144
872	0.00152
873	0.00156
874	0.00153
875	0.00155
876	0.00161
877	0.00161
878	0.00164
879	0.00169
880	0.00173
881	0.00177
882	0.00177
883	0.00181
884	0.00187
885	0.00188
886	0.0019
887	0.00198
888	0.00201
889	0.00206
890	0.0021
891	0.00216
892	0.00226
893	0.00236
894	0.00242
895	0.00252
896	0.00267
897	0.00283
898	0.00298
899	0.00324
900	0.00376
901	0.00453
902	0.00534
903	0.00595
904	0.00619
905	0.0061
906	0.00621
907	0.00684
908	0.00802
909	0.00975
910	0.01152
911	0.01306
912	0.01444
913	0.01629
914	0.01943
915	0.02492
916	0.03504
917	0.05548
918	0.0961
919	0.15493
920	0.21038
921	0.2357
922	0.22184
923	0.18511
924	0.14904
925	0.12243
926	0.0991
927	0.07656
928	0.05753
929	0.04279
930	0.03202
931	0.02382
932	0.01824
933	0.01414
934	0.01123
935	0.00896
936	0.00752
937	0.00633
938	0.00553
939	0.00479
940	0.00439
941	0.00402
942	0.00369
943	0.00342
944	0.00324
945	0.00304
946	0.00289
947	0.00272
948	0.00262
949	0.00249
950	0.00243
951	0.00232
952	0.00226
953	0.00214
954	0.00209
955	0.00201
956	0.00196
957	0.00191
958	0.00186
959	0.00175
960	0.00177
961	0.00173
962	0.00166
963	0.00163
964	0.00159
965	0.00159
966	0.00156
967	0.0015
968	0.00146
969	0.00146
970	0.00143
971	0.00142
972	0.0014
973	0.00139
974	0.00139
975	0.00138
976	0.00139
977	0.00138
978	0.00133
979	0.00133
980	0.00133
981	0.00134
982	0.00131
983	0.00134
984	0.00133
985	0.00132
986	0.00131
987	0.00132
988	0.00134
989	0.00132
990	0.00136
991	0.00133
992	0.00133
993	0.0013
994	0.00132
995	0.00133
996	0.00135
997	0.00139
998	0.00133
999	0.00134
1000	0.0014
1001	0.00136
1002	0.00138
1003	0.00141
1004	0.00142
1005	0.00142
1006	0.00144
1007	0.00146
1008	0.00145
1009	0.0015
1010	0.00153
1011	0.00156
1012	0.00157
1013	0.00157
1014	0.00162
1015	0.00168
1016	0.00168
1017	0.00171
1018	0.00174
1019	0.00176
1020	0.00181
1021	0.00188
1022	0.00192
1023	0.00196
1024	0.00201
1025	0.00207
1026	0.00214
1027	0.0022
1028	0.00229
1029	0.00235
1030	0.00245
1031	0.00252
1032	0.00263
1033	0.00271
1034	0.00277
1035	0.00286
1036	0.003
1037	0.00306
1038	0.00316
1039	0.00326
1040	0.00327
1041	0.00326
1042	0.00333
1043	0.00333
1044	0.00326
1045	0.0032
1046	0.00318
1047	0.00307
1048	0.00301
1049	0.00291
1050	0.00277
1051	0.00266
1052	0.00258
1053	0.0025
1054	0.00243
1055	0.00234
1056	0.00225
1057	0.00221
1058	0.00215
1059	0.00209
1060	0.00203
1061	0.00196
1062	0.0019
1063	0.0019
1064	0.00186
1065	0.00182
1066	0.00177
1067	0.00174
1068	0.00172
1069	0.00166
1070	0.00162
1071	0.00159
1072	0.00156
1073	0.00152
1074	0.00149
1075	0.00147
1076	0.00144
1077	0.0014
1078	0.00139
1079	0.00138
1080	0.00135
1081	0.00132
1082	0.00131
1083	0.00129
1084	0.00127
1085	0.00125
1086	0.00122
1087	0.0012
1088	0.0012
1089	0.00119
1090	0.00114
1091	0.00112
1092	0.00112
1093	0.00109
1094	0.00109
1095	0.00103
1096	0.00105
1097	0.00104
1098	0.00102
1099	0.00102
1100	0.00101
1101	9.88451E-4
1102	9.61565E-4
1103	9.52106E-4
1104	9.42506E-4
1105	9.18155E-4
1106	9.04452E-4
1107	9.13573E-4
1108	9.00918E-4
1109	8.91489E-4
1110	8.65853E-4
1111	8.40925E-4
1112	8.53061E-4
1113	8.52674E-4
1114	8.24515E-4
1115	8.32017E-4
1116	8.25191E-4
1117	7.98828E-4
1118	7.90694E-4
1119	8.07586E-4
1120	7.83077E-4
1121	7.71345E-4
1122	7.62628E-4
1123	7.74243E-4
1124	7.64197E-4
1125	7.59082E-4
1126	7.3259E-4
1127	7.29481E-4
1128	7.2192E-4
1129	7.16174E-4
1130	7.10428E-4
1131	6.82194E-4
1132	6.90764E-4
1133	6.8537E-4
1134	6.66562E-4
1135	6.62193E-4
1136	6.36625E-4
1137	6.46867E-4
1138	6.55278E-4
1139	6.29135E-4
1140	6.16709E-4
1141	6.07854E-4
1142	5.99462E-4
1143	6.29828E-4
1144	6.17222E-4
1145	6.0663E-4
1146	5.81255E-4
1147	5.99666E-4
1148	5.88032E-4
1149	5.86954E-4
1150	5.83867E-4
1151	5.91261E-4
1152	5.69979E-4
1153	5.36721E-4
1154	5.38398E-4
1155	5.55401E-4
1156	5.42943E-4
1157	5.31612E-4
1158	5.41981E-4
1159	5.50915E-4
1160	5.51047E-4
1161	5.35449E-4
1162	5.25412E-4
1163	5.39391E-4
1164	5.31758E-4
1165	5.27578E-4
1166	5.26953E-4
1167	5.27849E-4
1168	4.97017E-4
1169	4.95354E-4
1170	4.99769E-4
1171	4.92368E-4
1172	5.13584E-4
1173	5.25268E-4
1174	5.05255E-4
1175	4.95534E-4
1176	5.14845E-4
1177	5.25815E-4
1178	5.12283E-4
1179	5.10442E-4
1180	5.22239E-4
1181	5.01231E-4
1182	5.26463E-4
1183	5.06647E-4
1184	4.90036E-4
1185	4.93353E-4
1186	4.98825E-4
1187	4.91417E-4
1188	5.06314E-4
1189	5.23053E-4
1190	4.90023E-4
1191	5.01596E-4
1192	5.01343E-4
1193	4.99673E-4
1194	5.10044E-4
1195	4.91661E-4
1196	4.8508E-4
1197	4.79675E-4
1198	4.97147E-4
1199	5.12034E-4
1200	5.08984E-4
1201	5.16889E-4
1202	5.05384E-4
1203	5.15115E-4
1204	5.12346E-4
1205	5.29823E-4
1206	5.26564E-4
1207	5.18598E-4
1208	5.23175E-4
1209	5.21774E-4
1210	5.3716E-4
1211	5.55266E-4
1212	5.48046E-4
1213	5.36745E-4
1214	5.62519E-4
1215	5.66816E-4
1216	5.60367E-4
1217	5.49358E-4
1218	5.63575E-4
1219	5.65618E-4
1220	6.04152E-4
1221	5.86972E-4
1222	5.67132E-4
1223	5.9362E-4
1224	6.11641E-4
1225	6.30085E-4
1226	6.25438E-4
1227	6.29985E-4
1228	6.49353E-4
1229	6.50488E-4
1230	6.25045E-4
1231	6.50834E-4
1232	6.70751E-4
1233	6.92678E-4
1234	6.93731E-4
1235	7.04787E-4
1236	7.0431E-4
1237	7.15611E-4
1238	7.23479E-4
1239	7.28011E-4
1240	7.63173E-4
1241	7.82548E-4
1242	7.77732E-4
1243	7.65903E-4
1244	7.93237E-4
1245	7.84962E-4
1246	8.04266E-4
1247	8.35827E-4
1248	8.55078E-4
1249	8.52989E-4
1250	8.76739E-4
1251	8.65693E-4
1252	8.89466E-4
1253	9.30328E-4
1254	9.37231E-4
1255	9.48962E-4
1256	9.77308E-4
1257	0.001
1258	0.00101
1259	0.00101
1260	0.00104
1261	0.00108
1262	0.00113
1263	0.0011
1264	0.00112
1265	0.00114
1266	0.00118
1267	0.00118
1268	0.00124
1269	0.00125
1270	0.00132
1271	0.00136
1272	0.00134
1273	0.00141
1274	0.00142
1275	0.00146
1276	0.00147
1277	0.00157
1278	0.00159
1279	0.0016
1280	0.00163
1281	0.00167
1282	0.00173
1283	0.00176
1284	0.00182
1285	0.00197
1286	0.00199
1287	0.00195
1288	0.00194
1289	0.002
1290	0.00202
1291	0.0021
1292	0.00212
1293	0.00216
1294	0.00224
1295	0.00233
1296	0.00235
1297	0.00237
1298	0.00252
1299	0.00258
1300	0.00261
1301	0.00265
1302	0.00272
1303	0.00279
1304	0.00287
1305	0.00289
1306	0.00298
1307	0.00309
1308	0.00315
1309	0.00322
1310	0.00327
1311	0.0034
1312	0.00348
1313	0.00354
1314	0.00363
1315	0.00371
1316	0.00379
1317	0.00389
1318	0.00405
1319	0.00409
1320	0.00419
1321	0.00432
1322	0.00438
1323	0.00445
1324	0.00458
1325	0.00467
1326	0.00483
1327	0.00489
1328	0.00508
1329	0.00523
1330	0.00529
1331	0.00541
1332	0.00558
1333	0.00565
1334	0.00576
1335	0.00602
1336	0.0062
1337	0.00637
1338	0.00663
1339	0.0068
1340	0.00683
1341	0.00689
1342	0.00709
1343	0.00721
1344	0.00735
1345	0.00761
1346	0.0077
1347	0.00799
1348	0.00818
1349	0.00842
1350	0.00867
1351	0.00902
1352	0.00942
1353	0.00967
1354	0.01011
1355	0.01047
1356	0.01094
1357	0.01142
1358	0.01215
1359	0.0128
1360	0.01358
1361	0.0145
1362	0.01559
1363	0.01671
1364	0.01811
1365	0.01974
1366	0.02182
1367	0.02425
1368	0.02691
1369	0.03014
1370	0.03446
1371	0.03938
1372	0.04537
1373	0.05212
1374	0.05886
1375	0.0643
1376	0.06698
1377	0.06608
1378	0.06209
1379	0.05671
1380	0.05121
1381	0.046
1382	0.04153
1383	0.03756
1384	0.03428
1385	0.03163
1386	0.02946
1387	0.02758
1388	0.02602
1389	0.02473
1390	0.02373
1391	0.02285
1392	0.02217
1393	0.0215
1394	0.02107
1395	0.02084
1396	0.02071
1397	0.0205
1398	0.02029
1399	0.02027
1400	0.02046
1401	0.02049
1402	0.02052
1403	0.0206
1404	0.02073
1405	0.02089
1406	0.02107
1407	0.0213
1408	0.02144
1409	0.02165
1410	0.0217
1411	0.0218
1412	0.022
1413	0.02197
1414	0.02197
1415	0.02199
1416	0.02205
1417	0.02208
1418	0.02207
1419	0.02199
1420	0.02192
1421	0.0219
1422	0.02185
1423	0.02177
1424	0.02161
1425	0.02162
1426	0.02167
1427	0.02156
1428	0.02152
1429	0.02159
1430	0.02168
1431	0.0219
1432	0.02195
1433	0.02213
1434	0.02244
1435	0.02268
1436	0.02292
1437	0.02314
1438	0.02347
1439	0.02374
1440	0.02414
1441	0.02451
1442	0.02475
1443	0.02493
1444	0.02516
1445	0.02546
1446	0.02561
1447	0.02566
1448	0.02567
1449	0.02569
1450	0.02553
1451	0.02536
1452	0.02522
1453	0.02467
1454	0.02436
1455	0.02389
1456	0.02342
1457	0.0229
1458	0.02237
1459	0.02181
1460	0.02115
1461	0.02058
1462	0.02019
1463	0.01951
1464	0.01846
1465	0.01812
1466	0.01768
1467	0.01715
1468	0.0166
1469	0.01613
1470	0.01576
1471	0.01537
1472	0.01492
1473	0.01455
1474	0.01417
1475	0.0138
1476	0.01355
1477	0.01323
1478	0.01285
1479	0.01257
1480	0.01241
1481	0.01215
1482	0.01184
1483	0.01165
1484	0.01152
1485	0.01126
1486	0.01106
1487	0.01093
1488	0.01076
1489	0.01055
1490	0.0104
1491	0.01026
1492	0.01007
1493	0.01003
1494	0.0099
1495	0.00974
1496	0.00968
1497	0.00953
1498	0.00946
1499	0.00935
1500	0.00926
1501	0.00913
1502	0.0091
1503	0.00897
1504	0.00884
1505	0.00886
1506	0.00874
1507	0.0086
1508	0.00854
1509	0.00845
1510	0.0084
1511	0.0083
1512	0.00826
1513	0.00815
1514	0.00806
1515	0.008
1516	0.00798
1517	0.00785
1518	0.00774
1519	0.0077
1520	0.00762
1521	0.00757
1522	0.00749
1523	0.00744
1524	0.00735
1525	0.00726
1526	0.00726
1527	0.00716
1528	0.00707
1529	0.007
1530	0.00696
1531	0.00685
1532	0.00674
1533	0.00668
1534	0.00667
1535	0.00654
1536	0.00646
1537	0.0064
1538	0.0063
1539	0.00626
1540	0.00616
1541	0.00609
1542	0.00603
1543	0.00595
1544	0.00589
1545	0.00577
1546	0.00571
1547	0.00568
1548	0.00566
1549	0.00555
1550	0.00548
1551	0.00545
1552	0.00537
1553	0.00526
1554	0.00518
1555	0.00515
1556	0.00509
1557	0.00491
1558	0.00486
1559	0.00476
1560	0.00467
1561	0.0046
1562	0.00457
1563	0.00449
1564	0.00443
1565	0.00428
1566	0.00422
1567	0.00413
1568	0.00403
1569	0.00399
1570	0.00392
1571	0.00386
1572	0.00376
1573	0.00371
1574	0.00364
1575	0.00357
1576	0.0035
1577	0.00344
1578	0.00338
1579	0.00332
1580	0.0032
1581	0.0032
1582	0.00313
1583	0.00306
1584	0.00301
1585	0.00295
1586	0.00289
1587	0.00287
1588	0.00283
1589	0.00274
1590	0.00273
1591	0.00267
1592	0.00261
1593	0.00254
1594	0.00255
1595	0.00247
1596	0.0024
1597	0.00236
1598	0.0023
1599	0.00225
1600	0.00224
1601	0.00219
1602	0.00211
1603	0.00208
1604	0.00206
1605	0.00205
1606	0.00199
1607	0.00192
1608	0.00188
1609	0.00185
1610	0.00182
1611	0.00179
1612	0.00174
1613	0.0017
1614	0.00165
1615	0.0016
1616	0.00159
1617	0.00156
1618	0.00153
1619	0.0015
1620	0.00146
1621	0.00143
1622	0.00142
1623	0.00138
1624	0.00135
1625	0.00134
1626	0.0013
1627	0.00128
1628	0.00121
1629	0.00124
1630	0.00122
1631	0.00122
1632	0.00119
1633	0.00115
1634	0.00114
1635	0.0011
1636	0.00108
1637	0.00107
1638	0.00104
1639	0.00104
1640	0.00104
1641	9.81201E-4
1642	9.84882E-4
1643	9.69684E-4
1644	9.46938E-4
1645	9.41705E-4
1646	8.82799E-4
1647	8.89734E-4
1648	9.0692E-4
1649	8.66739E-4
1650	8.45851E-4
1651	8.0844E-4
1652	8.17493E-4
1653	7.9664E-4
1654	7.97375E-4
1655	7.82996E-4
1656	7.82394E-4
1657	7.9234E-4
1658	7.9519E-4
1659	7.4863E-4
1660	7.34128E-4
1661	7.2508E-4
1662	6.99466E-4
1663	7.05192E-4
1664	6.86321E-4
1665	6.61463E-4
1666	6.64877E-4
1667	6.5363E-4
1668	6.57148E-4
1669	6.34114E-4
1670	6.43678E-4
1671	6.42818E-4
1672	6.37995E-4
1673	5.83297E-4
1674	6.31347E-4
1675	6.06638E-4
1676	6.04785E-4
1677	6.00471E-4
1678	6.06917E-4
1679	6.04279E-4
1680	6.01878E-4
1681	5.89487E-4
1682	5.99295E-4
1683	5.92605E-4
1684	5.40974E-4
1685	5.4257E-4
1686	5.55152E-4
1687	5.63284E-4
1688	5.42165E-4
1689	5.58716E-4
1690	5.63671E-4
1691	5.33993E-4
1692	5.11924E-4
1693	5.1309E-4
1694	5.20627E-4
1695	5.11394E-4
1696	5.13557E-4
1697	4.99837E-4
1698	5.10588E-4
1699	5.24376E-4
1700	5.19031E-4
1701	5.07111E-4
1702	4.87268E-4
1703	5.01162E-4
1704	4.92009E-4
1705	4.89089E-4
1706	5.01291E-4
1707	5.09859E-4
1708	5.23946E-4
1709	5.18588E-4
1710	5.00744E-4
1711	4.95908E-4
1712	4.96822E-4
1713	4.9656E-4
1714	4.86827E-4
1715	4.9172E-4
1716	5.02649E-4
1717	5.08682E-4
1718	5.05864E-4
1719	5.08133E-4
1720	5.13537E-4
1721	4.85919E-4
1722	4.80311E-4
1723	4.85314E-4
1724	4.83964E-4
1725	4.89794E-4
1726	5.04482E-4
1727	4.95489E-4
1728	4.99815E-4
1729	5.00878E-4
1730	4.77464E-4
1731	4.94356E-4
1732	5.04502E-4
1733	4.87166E-4
1734	5.13045E-4
1735	5.19707E-4
1736	5.08934E-4
1737	4.76461E-4
1738	4.79457E-4
1739	4.95868E-4
1740	5.06194E-4
1741	5.1312E-4
1742	5.28952E-4
1743	5.34407E-4
1744	5.1516E-4
1745	5.46149E-4
1746	5.61081E-4
1747	5.46582E-4
1748	5.51488E-4
1749	5.84404E-4
1750	5.76617E-4
1751	5.82157E-4
1752	5.91796E-4
1753	5.68157E-4
1754	5.95889E-4
1755	6.06153E-4
1756	5.93982E-4
1757	5.87333E-4
1758	6.10311E-4
1759	6.2554E-4
1760	6.32289E-4
1761	6.33454E-4
1762	6.43744E-4
1763	6.17973E-4
1764	6.39512E-4
1765	6.39438E-4
1766	6.44104E-4
1767	6.33588E-4
1768	6.48373E-4
1769	6.43159E-4
1770	6.67859E-4
1771	6.65926E-4
1772	6.67413E-4
1773	6.67456E-4
1774	6.66203E-4
1775	6.64603E-4
1776	6.80116E-4
1777	6.95769E-4
1778	6.59576E-4
1779	6.32798E-4
1780	6.61647E-4
1781	7.02344E-4
1782	7.37769E-4
1783	7.49194E-4
1784	7.69612E-4
1785	7.9284E-4
1786	7.84136E-4
1787	7.87267E-4
1788	8.33419E-4
1789	8.81052E-4
1790	8.91264E-4
1791	9.39317E-4
1792	9.92999E-4
1793	0.00106
1794	0.00108
1795	0.0011
1796	0.00119
1797	0.0012
1798	0.00128
1799	0.0013
1800	0.0013
1801	0.00136
1802	0.00135
1803	0.00133
1804	0.00133
1805	0.00133
1806	0.00125
1807	0.00123
1808	0.00125
1809	0.00128
1810	0.00128
1811	0.00127
1812	0.00127
1813	0.00119
1814	0.0011
1815	0.00106
1816	0.00106
1817	0.00105
1818	0.001
1819	0.00101
1820	9.9717E-4
1821	0.00101
1822	0.00104
1823	0.00111
1824	0.00125
1825	0.00133
1826	0.00152
1827	0.00168
1828	0.00181
1829	0.0019
1830	0.00182
1831	0.00169
1832	0.00154
1833	0.00142
1834	0.00133
1835	0.0013
1836	0.00126
1837	0.00122
1838	0.00124
1839	0.0012
1840	0.0012
1841	0.00113
1842	0.00107
1843	0.00105
1844	9.78969E-4
1845	9.12391E-4
1846	9.17957E-4
1847	9.12333E-4
1848	8.52648E-4
1849	8.09336E-4
1850	7.65601E-4
1851	7.35971E-4
1852	7.03167E-4
1853	6.84578E-4
1854	7.13739E-4
1855	6.68479E-4
1856	6.32115E-4
1857	6.32592E-4
1858	6.27081E-4
1859	6.11097E-4
1860	5.92987E-4
1861	5.81652E-4
1862	5.80846E-4
1863	5.58946E-4
1864	5.54328E-4
1865	5.35859E-4
1866	5.63374E-4
1867	5.37413E-4
1868	5.25645E-4
1869	5.32523E-4
1870	5.07284E-4
1871	5.04255E-4
1872	5.09941E-4
1873	5.14702E-4
1874	5.14105E-4
1875	5.25917E-4
1876	5.37323E-4
1877	5.18405E-4
1878	5.22651E-4
1879	4.85125E-4
1880	5.22278E-4
1881	5.02959E-4
1882	4.76903E-4
1883	4.8355E-4
1884	4.87395E-4
1885	4.78335E-4
1886	4.6584E-4
1887	4.88294E-4
1888	4.95275E-4
1889	4.63768E-4
1890	4.41241E-4
1891	4.66542E-4
1892	4.74816E-4
1893	4.76736E-4
1894	4.73028E-4
1895	4.5854E-4
1896	4.51616E-4
1897	4.42268E-4
1898	4.42003E-4
1899	4.22491E-4
1900	4.47921E-4
1901	4.30897E-4
1902	4.49154E-4
1903	4.63704E-4
1904	4.32529E-4
1905	4.47781E-4
1906	4.56845E-4
1907	4.46043E-4
1908	4.3916E-4
1909	4.51293E-4
1910	4.38028E-4
1911	4.41453E-4
1912	4.56731E-4
1913	4.51944E-4
1914	4.60293E-4
1915	4.45754E-4
1916	4.24859E-4
1917	4.38525E-4
1918	4.65324E-4
1919	4.48109E-4
1920	4.56766E-4
1921	4.31224E-4
1922	4.2905E-4
1923	4.4453E-4
1924	4.44825E-4
1925	4.26562E-4
1926	4.1763E-4
1927	4.11835E-4
1928	4.26281E-4
1929	4.33319E-4
1930	4.22213E-4
1931	4.34283E-4
1932	4.16489E-4
1933	4.33474E-4
1934	4.24728E-4
1935	4.20185E-4
1936	4.28913E-4
1937	4.23248E-4
1938	4.28401E-4
1939	4.04909E-4
1940	3.75435E-4
1941	4.13604E-4
1942	4.21134E-4
1943	4.11713E-4
1944	4.13089E-4
1945	4.43772E-4
1946	4.33225E-4
1947	4.1839E-4
1948	4.07174E-4
1949	4.15981E-4
1950	4.29442E-4
1951	4.27281E-4
1952	4.1314E-4
1953	4.08585E-4
1954	4.21919E-4
1955	4.18191E-4
1956	4.22254E-4
1957	4.53729E-4
1958	4.45997E-4
1959	4.35611E-4
1960	4.35719E-4
1961	4.13261E-4
1962	4.1275E-4
1963	4.23182E-4
1964	4.38606E-4
1965	4.17332E-4
1966	4.37224E-4
1967	4.17824E-4
1968	4.23852E-4
1969	4.10103E-4
1970	4.225E-4
1971	4.03533E-4
1972	4.00165E-4
1973	4.11536E-4
1974	3.89379E-4
1975	3.97532E-4
1976	4.00449E-4
1977	3.89931E-4
1978	3.89714E-4
1979	3.97175E-4
1980	3.81841E-4
1981	4.14596E-4
1982	3.61643E-4
1983	3.95505E-4
1984	4.04824E-4
1985	3.8651E-4
1986	3.80272E-4
1987	4.01646E-4
1988	3.82303E-4
1989	3.56468E-4
1990	3.68437E-4
1991	3.73975E-4
1992	3.54235E-4
1993	3.46791E-4
1994	3.56458E-4
1995	3.5357E-4
1996	3.43258E-4
1997	3.46331E-4
1998	3.52152E-4
1999	3.18089E-4
2000	3.34471E-4
2001	3.27715E-4
2002	3.24899E-4
2003	3.42896E-4
2004	3.57656E-4
2005	3.47673E-4
2006	3.35484E-4
2007	3.39943E-4
2008	3.55691E-4
2009	3.40607E-4
2010	3.29602E-4
2011	3.41275E-4
2012	3.33594E-4
2013	3.05917E-4
2014	3.22949E-4
2015	3.4031E-4
2016	3.32585E-4
2017	3.26672E-4
2018	3.54611E-4
2019	3.36608E-4
2020	3.20597E-4
2021	3.37156E-4
2022	2.98356E-4
2023	0
2024	2.08286E-4
2025	3.0169E-4
2026	3.16029E-4
2027	2.94782E-4
2028	3.02454E-4
2029	3.13685E-4
2030	3.23032E-4
2031	3.03992E-4
2032	3.1759E-4
2033	3.25819E-4
2034	3.09218E-4
2035	3.11145E-4
2036	3.0775E-4
2037	3.28626E-4
2038	3.37892E-4
2039	3.40379E-4
2040	3.28753E-4
2041	3.18726E-4
2042	3.31658E-4
2043	3.01862E-4
2044	3.29369E-4
2045	3.38947E-4
2046	3.31755E-4
2047	3.27243E-4
2048	3.60242E-4
2049	3.36108E-4
2050	3.34357E-4
2051	3.45897E-4
2052	3.63036E-4
2053	3.58747E-4
2054	3.54187E-4
2055	3.6982E-4
2056	3.96228E-4
2057	4.23325E-4
2058	3.90548E-4
2059	4.22642E-4
2060	4.07604E-4
2061	4.30144E-4
2062	4.59531E-4
2063	4.34794E-4
2064	4.5262E-4
2065	4.66517E-4
2066	4.61749E-4
2067	4.62773E-4
2068	5.1253E-4
2069	5.42166E-4
2070	5.24757E-4
2071	5.13525E-4
2072	5.4541E-4
2073	5.3736E-4
2074	5.49283E-4
2075	5.39839E-4
2076	5.10174E-4
2077	5.05207E-4
2078	5.24968E-4
2079	4.85681E-4
2080	4.9308E-4
2081	5.21075E-4
2082	5.10889E-4
2083	4.85965E-4
2084	4.8505E-4
2085	5.08971E-4
2086	4.95643E-4
2087	4.94107E-4
2088	5.01149E-4
2089	4.83912E-4
2090	4.73597E-4
2091	4.82962E-4
2092	4.72922E-4
2093	4.51698E-4
2094	4.68718E-4
2095	4.81157E-4
2096	4.67979E-4
2097	4.51699E-4
2098	4.67505E-4
2099	4.63926E-4
2100	4.60697E-4
2101	4.86113E-4
2102	4.64995E-4
2103	4.19772E-4
2104	4.27552E-4
2105	4.7428E-4
2106	4.65877E-4
2107	4.98769E-4
2108	4.7718E-4
2109	4.75598E-4
2110	4.89585E-4
2111	4.83781E-4
2112	4.87462E-4
2113	5.18356E-4
2114	5.12542E-4
2115	5.21818E-4
2116	5.11554E-4
2117	5.26117E-4
2118	5.1009E-4
2119	5.39194E-4
2120	5.4118E-4
2121	5.76173E-4
2122	5.44405E-4
2123	6.02626E-4
2124	5.86412E-4
2125	5.97142E-4
2126	5.8751E-4
2127	6.35219E-4
2128	6.45968E-4
2129	6.48276E-4
2130	6.49105E-4
2131	6.39081E-4
2132	6.6457E-4
2133	7.06724E-4
2134	6.82559E-4
2135	7.26042E-4
2136	7.43998E-4
2137	7.71731E-4
2138	7.31634E-4
2139	7.54087E-4
2140	7.97067E-4
2141	7.70767E-4
2142	7.775E-4
2143	7.87841E-4
2144	8.02242E-4
2145	8.33041E-4
2146	8.41066E-4
2147	8.25425E-4
2148	8.43391E-4
2149	8.892E-4
2150	8.50428E-4
2151	8.883E-4
2152	9.18653E-4
2153	9.27982E-4
2154	9.62874E-4
2155	0.00101
2156	9.96097E-4
2157	0.00101
2158	0.00103
2159	0.00109
2160	0.00108
2161	0.00107
2162	0.00113
2163	0.00117
2164	0.00119
2165	0.00123
2166	0.00123
2167	0.00128
2168	0.00128
2169	0.00128
2170	0.00131
2171	0.00136
2172	0.00144
2173	0.00147
2174	0.0015
2175	0.0015
2176	0.00156
2177	0.00165
2178	0.00171
2179	0.00172
2180	0.00182
2181	0.00182
2182	0.00194
2183	0.00202
2184	0.00208
2185	0.00222
2186	0.00238
2187	0.00253
2188	0.00266
2189	0.00281
2190	0.00292
2191	0.00308
2192	0.00333
2193	0.00353
2194	0.00373
2195	0.00393
2196	0.00432
2197	0.00467
2198	0.00511
2199	0.00566
2200	0.0062
2201	0.00703
2202	0.00768
2203	0.00861
2204	0.01032
2205	0.01225
2206	0.01307
2207	0.01222
2208	0.01
2209	0.00784
2210	0.00671
2211	0.00611
2212	0.00589
2213	0.00575
2214	0.00579
2215	0.00589
2216	0.00586
2217	0.006
2218	0.00615
2219	0.00636
2220	0.00654
2221	0.00682
2222	0.00703
2223	0.00742
2224	0.00787
2225	0.00832
2226	0.00891
2227	0.00965
2228	0.0105
2229	0.01159
2230	0.0123
2231	0.01256
2232	0.01243
2233	0.01265
2234	0.01336
2235	0.01453
2236	0.01611
2237	0.01785
2238	0.02043
2239	0.02349
2240	0.0276
2241	0.03288
2242	0.03934
2243	0.04839
2244	0.06086
2245	0.07699
2246	0.09753
2247	0.12553
2248	0.16082
2249	0.20708
2250	0.26438
2251	0.32761
2252	0.40076
2253	0.48568
2254	0.58062
2255	0.63515
2256	0.58037
2257	0.43433
2258	0.28201
2259	0.18263
2260	0.12486
2261	0.09201
2262	0.07138
2263	0.05703
2264	0.04702
2265	0.03995
2266	0.03442
2267	0.03039
2268	0.02716
2269	0.02467
2270	0.02323
2271	0.022
2272	0.02089
2273	0.02013
2274	0.01944
2275	0.01876
2276	0.01776
2277	0.01686
2278	0.01661
2279	0.01631
2280	0.01623
2281	0.01647
2282	0.01691
2283	0.01773
2284	0.01857
2285	0.01971
2286	0.02124
2287	0.02309
2288	0.02554
2289	0.02875
2290	0.03254
2291	0.0371
2292	0.04235
2293	0.04742
2294	0.05096
2295	0.05203
2296	0.05018
2297	0.04517
2298	0.03872
2299	0.03286
2300	0.02781
2301	0.02335
2302	0.01969
2303	0.01655
2304	0.01435
2305	0.01258
2306	0.0108
2307	0.00978
2308	0.00877
2309	0.00808
2310	0.00752
2311	0.00705
2312	0.00651
2313	0.00618
2314	0.00585
2315	0.00541
2316	0.0052
2317	0.00493
2318	0.00473
2319	0.00462
2320	0.00443
2321	0.00429
2322	0.00418
2323	0.00409
2324	0.00393
2325	0.00395
2326	0.00389
2327	0.00375
2328	0.00366
2329	0.00364
2330	0.00354
2331	0.00348
2332	0.00339
2333	0.00329
2334	0.00322
2335	0.00318
2336	0.0032
2337	0.00309
2338	0.00296
2339	0.00297
2340	0.00297
2341	0.00291
2342	0.00285
2343	0.00282
2344	0.00281
2345	0.00269
2346	0.00264
2347	0.00262
2348	0.00252
2349	0.00246
2350	0.0024
2351	0.00231
2352	0.00219
2353	0.00221
2354	0.00218
2355	0.00216
2356	0.00213
2357	0.00205
2358	0.00195
2359	0.00188
2360	0.0019
2361	0.00196
2362	0.0019
2363	0.00186
2364	0.00187
2365	0.00182
2366	0.00179
2367	0.00178
2368	0.00177
2369	0.00179
2370	0.00179
2371	0.00174
2372	0.00172
2373	0.00173
2374	0.00169
2375	0.00164
2376	0.00165
2377	0.00167
2378	0.00168
2379	0.00165
2380	0.00163
2381	0.00166
2382	0.0017
2383	0.00168
2384	0.00166
2385	0.00172
2386	0.0017
2387	0.00171
2388	0.00172
2389	0.0018
2390	0.00176
2391	0.0018
2392	0.00183
2393	0.0018
2394	0.00183
2395	0.00191
2396	0.0019
2397	0.00191
2398	0.0019
2399	0.00202
2400	0.00202
2401	0.00202
2402	0.00208
2403	0.00218
2404	0.00226
2405	0.00219
2406	0.00223
2407	0.00232
2408	0.00232
2409	0.0024
2410	0.00238
2411	0.0024
2412	0.00239
2413	0.00236
2414	0.00241
2415	0.00236
2416	0.00233
2417	0.00236
2418	0.00229
2419	0.00237
2420	0.00228
2421	0.00224
2422	0.0022
2423	0.00216
2424	0.0021
2425	0.00207
2426	0.0021
2427	0.00204
2428	0.00199
2429	0.00199
2430	0.00212
2431	0.0025
2432	0.00207
2433	0.00193
2434	0.00191
2435	0.00189
2436	0.00189
2437	0.00185
2438	0.00184
2439	0.00183
2440	0.00181
2441	0.00181
2442	0.00181
2443	0.00181
2444	0.00176
2445	0.00177
2446	0.00177
2447	0.00177
2448	0.00172
2449	0.00169
2450	0.00175
2451	0.00165
2452	0.00167
2453	0.00163
2454	0.00162
2455	0.00168
2456	0.00163
2457	0.00159
2458	0.0016
2459	0.00156
2460	0.00157
2461	0.0016
2462	0.00158
2463	0.00162
2464	0.00163
2465	0.00154
2466	0.00157
2467	0.00164
2468	0.00164
2469	0.00167
2470	0.00167
2471	0.00164
2472	0.00165
2473	0.00166
2474	0.00163
2475	0.00169
2476	0.00176
2477	0.00174
2478	0.00177
2479	0.00179
2480	0.00179
2481	0.00182
2482	0.00192
2483	0.00185
2484	0.0019
2485	0.00184
2486	0.00189
2487	0.00193
2488	0.00198
2489	0.00199
2490	0.00209
2491	0.00214
2492	0.00221
2493	0.00224
2494	0.0023
2495	0.00232
2496	0.00227
2497	0.00223
2498	0.00226
2499	0.00218
2500	0.00206
2501	0.00202
2502	0.00187
2503	0.00178
2504	0.00165
2505	0.00155
2506	0.00149
2507	0.00145
2508	0.00135
2509	0.00134
2510	0.00126
2511	0.00129
2512	0.00122
2513	0.00117
2514	0.00123
2515	0.00118
2516	0.00107
2517	0.00114
2518	0.00118
2519	0.00113
2520	0.00105
2521	0.00105
2522	0.00101
2523	0.00109
2524	9.83285E-4
2525	0.00103
2526	0.00102
2527	0.001
2528	9.95647E-4
2529	0.00101
2530	9.59565E-4
2531	9.87613E-4
2532	0.001
2533	0.00105
2534	0.00102
2535	0.00101
2536	0.00105
2537	0.0011
2538	0.0011
2539	0.00108
2540	0.00115
2541	0.00117
2542	0.00118
2543	0.00124
2544	0.0012
2545	0.00118
2546	0.00121
2547	0.00119
2548	0.00124
2549	0.00123
2550	0.00113
2551	0.00111
2552	0.00113
2553	0.00105
2554	0.00106
2555	0.00105
2556	0.00103
2557	9.70205E-4
2558	9.28138E-4
2559	9.40293E-4
2560	9.58901E-4
2561	8.97766E-4
2562	9.52079E-4
2563	9.22992E-4
2564	9.31722E-4
2565	9.47329E-4
2566	8.51745E-4
2567	9.46869E-4
2568	9.43182E-4
2569	8.00481E-4
2570	9.22964E-4
2571	8.36201E-4
2572	8.70299E-4
2573	8.79432E-4
2574	9.35228E-4
2575	9.11804E-4
2576	8.14489E-4
2577	7.9989E-4
2578	9.10503E-4
2579	8.71357E-4
2580	8.5432E-4
2581	8.74303E-4
2582	8.22226E-4
2583	8.12418E-4
2584	7.43442E-4
2585	8.57805E-4
2586	9.07093E-4
2587	8.58449E-4
2588	7.94411E-4
2589	8.33922E-4
2590	8.51575E-4
2591	7.855E-4
2592	8.52036E-4
2593	8.77852E-4
2594	9.0721E-4
2595	8.27321E-4
2596	8.43403E-4
2597	8.53112E-4
2598	9.32699E-4
2599	8.44544E-4
2600	8.18531E-4
2601	8.68636E-4
2602	7.85883E-4
2603	8.60692E-4
2604	8.63238E-4
2605	8.89357E-4
2606	9.32674E-4
2607	8.48029E-4
2608	0.00124
2609	0.00161
2610	9.84045E-4
2611	8.455E-4
2612	9.36636E-4
2613	8.84103E-4
2614	8.71026E-4
2615	9.28992E-4
2616	9.07523E-4
2617	8.72753E-4
2618	9.31808E-4
2619	9.76474E-4
2620	9.43698E-4
2621	9.91594E-4
2622	9.73824E-4
2623	0.00108
2624	0.00105
2625	9.74009E-4
2626	0.00102
2627	0.00103
2628	0.00108
2629	0.00108
2630	0.00106
2631	0.00117
2632	0.00112
2633	0.00115
2634	0.00251
2635	0.00128
2636	0.00106
2637	0.00109
2638	0.00111
2639	0.00109
2640	0.00103
2641	0.00106
2642	0.00107
2643	0.00114
2644	9.69935E-4
2645	9.33018E-4
2646	9.74617E-4
2647	0.00101
2648	0.00105
2649	0.00101
2650	0.0011
2651	9.28271E-4
2652	0.00101
2653	0.00101
2654	0.00107
2655	9.98458E-4
2656	0.00107
2657	0.00103
2658	0.00107
2659	0.00113
2660	0.00108
2661	0.00184
2662	0.00264
2663	0.00122
2664	0.00114
2665	0.00114
2666	0.00119
2667	0.00106
2668	0.00115
2669	0.00117
2670	0.00118
2671	0.00118
2672	0.0011
2673	0.00122
2674	0.00126
2675	0.00125
2676	0.0013
2677	0.00127
2678	0.00137
2679	0.00136
2680	0.00133
2681	0.00144
2682	0.0013
2683	0.00135
2684	0.00153
2685	0.00151
2686	0.00139
2687	0.00151
2688	0.00143
2689	0.00169
2690	0.00155
2691	0.0015
2692	0.00168
2693	0.00169
2694	0.00169
2695	0.00167
2696	0.00178
2697	0.00169
2698	0.00169
2699	0.00187
2700	0.00199
2701	0.00196
2702	0.00214
2703	0.00217
2704	0.00226
2705	0.00225
2706	0.0024
2707	0.00244
2708	0.00241
2709	0.00255
2710	0.00267
2711	0.00272
2712	0.00278
2713	0.00301
2714	0.00312
2715	0.00322
2716	0.0034
2717	0.00361
2718	0.0039
2719	0.00419
2720	0.00455
2721	0.00487
2722	0.00533
2723	0.00588
2724	0.00666
2725	0.00755
2726	0.0086
2727	0.0098
2728	0.01122
2729	0.01269
2730	0.01445
2731	0.01639
2732	0.01808
2733	0.01927
2734	0.01986
2735	0.0203
2736	0.02014
2737	0.01947
2738	0.01831
2739	0.01709
2740	0.01545
2741	0.01424
2742	0.01297
2743	0.01168
2744	0.01076
2745	0.00981
2746	0.00899
2747	0.0083
2748	0.00775
2749	0.0072
2750	0.00666
2751	0.00627
2752	0.00592
2753	0.0057
2754	0.00547
2755	0.0053
2756	0.00498
2757	0.00475
2758	0.00473
2759	0.00446
2760	0.00425
2761	0.00409
2762	0.00398
2763	0.00388
2764	0.00357
2765	0.00363
2766	0.00357
2767	0.00354
2768	0.00355
2769	0.00341
2770	0.00333
2771	0.00329
2772	0.00337
2773	0.00328
2774	0.00324
2775	0.00318
2776	0.00323
2777	0.00316
2778	0.00315
2779	0.00323
2780	0.00326
2781	0.00327
2782	0.00316
2783	0.00319
2784	0.00314
2785	0.00312
2786	0.0032
2787	0.00319
2788	0.00313
2789	0.00314
2790	0.00324
2791	0.00337
2792	0.00341
2793	0.00333
2794	0.00331
2795	0.00316
2796	0.00327
2797	0.00343
2798	0.00337
2799	0.00347
2800	0.00348
2801	0.00353
2802	0.00343
2803	0.0035
2804	0.00351
2805	0.00368
2806	0.00382
2807	0.00373
2808	0.00374
2809	0.00387
2810	0.00382
2811	0.00403
2812	0.00398
2813	0.00412
2814	0.00417
2815	0.00431
2816	0.00426
2817	0.00434
2818	0.00454
2819	0.00463
2820	0.00467
2821	0.00483
2822	0.00495
2823	0.00515
2824	0.00531
2825	0.00552
2826	0.00602
2827	0.00618
2828	0.00652
2829	0.00697
2830	0.00733
2831	0.00756
2832	0.00819
2833	0.00878
2834	0.0095
2835	0.01024
2836	0.01118
2837	0.01196
2838	0.01283
2839	0.01364
2840	0.01439
2841	0.01512
2842	0.01567
2843	0.01612
2844	0.01607
2845	0.01632
2846	0.01632
2847	0.01613
2848	0.016
2849	0.01556
2850	0.01557
2851	0.01551
2852	0.01529
2853	0.0149
2854	0.0147
2855	0.01486
2856	0.01479
2857	0.01503
2858	0.01512
2859	0.01524
2860	0.01539
2861	0.0158
2862	0.016
2863	0.01604
2864	0.01651
2865	0.01694
2866	0.01712
2867	0.01794
2868	0.01853
2869	0.01914
2870	0.02008
2871	0.02062
2872	0.02134
2873	0.02209
2874	0.02233
2875	0.02311
2876	0.02368
2877	0.02443
2878	0.02512
2879	0.02557
2880	0.02604
2881	0.02617
2882	0.02663
2883	0.02669
2884	0.02723
2885	0.027
2886	0.02683
2887	0.02715
2888	0.02707
2889	0.02697
2890	0.02685
2891	0.0266
2892	0.02634
2893	0.02657
2894	0.02612
2895	0.02621
2896	0.02602
2897	0.02595
2898	0.02614
2899	0.02604
2900	0.02597
2901	0.02605
2902	0.02583
2903	0.0261
2904	0.02667
2905	0.02673
2906	0.02711
2907	0.0274
2908	0.02766
2909	0.02832
2910	0.02843
2911	0.02872
2912	0.0294
2913	0.0301
2914	0.03107
2915	0.03181
2916	0.03232
2917	0.03324
2918	0.03473
2919	0.0361
2920	0.03779
2921	0.03923
2922	0.04109
2923	0.04314
2924	0.04545
2925	0.04835
2926	0.05186
2927	0.05561
2928	0.06
2929	0.0657
2930	0.07248
2931	0.08016
2932	0.08996
2933	0.10214
2934	0.11933
2935	0.13892
2936	0.16375
2937	0.20121
2938	0.24889
2939	0.3084
2940	0.39544
2941	0.51846
2942	0.66309
2943	0.82646
2944	0.97255
2945	1
2946	0.92296
2947	0.75597
2948	0.58402
2949	0.44483
2950	0.33336
2951	0.25438
2952	0.20336
2953	0.16409
2954	0.13441
2955	0.11497
2956	0.09993
2957	0.08609
2958	0.07726
2959	0.06998
2960	0.06366
2961	0.05802
2962	0.05419
2963	0.05144
2964	0.04813
2965	0.04577
2966	0.04398
2967	0.04196
2968	0.04093
2969	0.04021
2970	0.03918
2971	0.03838
2972	0.03802
2973	0.03753
2974	0.03749
2975	0.03765
2976	0.03743
2977	0.0376
2978	0.03776
2979	0.03803
2980	0.03877
2981	0.03951
2982	0.0398
2983	0.04093
2984	0.04153
2985	0.04243
2986	0.04361
2987	0.04502
2988	0.04621
2989	0.04735
2990	0.04902
2991	0.0508
2992	0.0525
2993	0.05414
2994	0.0564
2995	0.05842
2996	0.06047
2997	0.06295
2998	0.06492
2999	0.06648
3000	0.06874
3001	0.06994
3002	0.07159
3003	0.07247
3004	0.07341
3005	0.07351
3006	0.07307
3007	0.07179
3008	0.07169
3009	0.07125
3010	0.06958
3011	0.06625
3012	0.06452
3013	0.06258
3014	0.0604
3015	0.05856
3016	0.05664
3017	0.05408
3018	0.05208
3019	0.05067
3020	0.04888
3021	0.04659
3022	0.04483
3023	0.04316
3024	0.04153
3025	0.03997
3026	0.03825
3027	0.03751
3028	0.03634
3029	0.03534
3030	0.0341
3031	0.03298
3032	0.03243
3033	0.03122
3034	0.03066
3035	0.02977
3036	0.02884
3037	0.02852
3038	0.02783
3039	0.02747
3040	0.02641
3041	0.02582
3042	0.02531
3043	0.02515
3044	0.025
3045	0.02444
3046	0.02358
3047	0.02338
3048	0.02236
3049	0.02267
3050	0.02236
3051	0.02187
3052	0.02179
3053	0.02177
3054	0.02099
3055	0.02048
3056	0.02054
3057	0.02041
3058	0.01978
3059	0.01996
3060	0.01963
3061	0.01952
3062	0.01919
3063	0.01892
3064	0.01928
3065	0.01873
3066	0.01821
3067	0.01847
3068	0.01804
3069	0.01773
3070	0.01818
3071	0.01788
3072	0.01773
3073	0.01759
3074	0.01734
3075	0.01704
3076	0.01681
3077	0.01709
3078	0.01757
3079	0.01691
3080	0.01667
3081	0.01687
3082	0.01674
3083	0.01627
3084	0.01642
3085	0.01617
3086	0.01563
3087	0.01597
3088	0.01563
3089	0.01579
3090	0.01568
3091	0.01506
3092	0.01498
3093	0.0155
3094	0.01513
3095	0.01511
3096	0.01487
3097	0.01464
3098	0.01465
3099	0.01468
3100	0.01451
3101	0.01501
3102	0.01481
3103	0.01463
3104	0.01473
3105	0.01462
3106	0.01463
3107	0.01419
3108	0.01433
3109	0.01448
3110	0.01397
3111	0.01411
3112	0.01371
3113	0.01293
3114	0.01272
3115	0.01274
3116	0.01251
3117	0.01264
3118	0.01234
3119	0.01217
3120	0.01215
3121	0.01216
3122	0.0118
3123	0.01213
3124	0.01173
3125	0.01253
3126	0.01191
3127	0.01162
3128	0.01174
3129	0.01162
3130	0.01181
3131	0.0117
3132	0.01139
3133	0.01119
3134	0.01116
3135	0.0108
3136	0.01136
3137	0.01128
3138	0.01074
3139	0.01089
3140	0.01058
3141	0.01043
3142	0.01037
3143	0.01037
3144	0.0101
3145	0.01
3146	0.00987
3147	0.01047
3148	0.00998
3149	0.00953
3150	0.01046
3151	0.00985
3152	0.00906
3153	0.00909
3154	0.00946
3155	0.00906
3156	0.00908
3157	0.00901
3158	0.00907
3159	0.00915
3160	0.00895
3161	0.00889
3162	0.00931
3163	0.00918
3164	0.00907
3165	0.009
3166	0.00953
3167	0.01
3168	0.00953
3169	0.009
3170	0.0092
3171	0.00873
3172	0.0086
3173	0.00826
3174	0.00829
3175	0.00827
3176	0.00813
3177	0.00798
3178	0.00772
3179	0.00775
3180	0.00786
3181	0.00764
3182	0.00791
3183	0.00762
3184	0.00749
3185	0.00745
3186	0.00648
3187	0.00702
3188	0.00712
3189	0.00726
3190	0.00755
3191	0.00816
3192	0.00762
3193	0.00773
3194	0.0075
3195	0.0073
3196	0.00753
3197	0.00774
3198	0.0076
3199	0.00777
3200	0.00802
3201	0.00731
3202	0.00727
3203	0.0071
3204	0.00737
3205	0.00712
3206	0.00743
3207	0.00733
3208	0.00688
3209	0.00665
3210	0.00694
3211	0.00648
3212	0.0063
3213	0.00662
3214	0.00651
3215	0.00651
3216	0.00662
3217	0.00605
3218	0.00574
3219	0.00596
3220	0.00603
3221	0.00587
3222	0.00589
3223	0.00595
3224	0.00575
3225	0.00579
3226	0.00579
3227	0.00546
3228	0.00513
3229	0.00515
3230	0.00556
3231	0.00524
3232	0.00478
3233	0.00548
3234	0.00544
3235	0.00527
3236	0.00546
3237	0.00538
3238	0.00544
3239	0.00563
3240	0.00452
3241	0.00486
3242	0.00489
3243	0.00499
3244	0.00478
3245	0.00509
3246	0.00472
3247	0.00528
3248	0.00527
3249	0.00497
3250	0.00514
3251	0.00479
3252	0.00514
3253	0.00484
3254	0.00504
3255	0.00503
3256	0.005
3257	0.00468
3258	0.00508
3259	0.00508
3260	0.00457
3261	0.00448
3262	0.00487
3263	0.00428
3264	0.00425
3265	0.00467
3266	0.00437
3267	0.00436
3268	0.00479
3269	0.00442
3270	0.00467
3271	0.0049
3272	0.00467
3273	0.0048
3274	0.00463
3275	0.00501
3276	0.00472
3277	0.00439
3278	0.00483
3279	0.00458
3280	0.0046
3281	0.00405
3282	0.00424
3283	0.00471
3284	0.005
3285	0.00454
3286	0.0044
3287	0.00407
3288	0.00434
3289	0.00459
3290	0.00435
3291	0.00395
3292	0.00406
3293	0.00453
3294	0.0045
3295	0.00441
3296	0.00468
3297	0.00433
3298	0.00424
3299	0.00502
3300	0.00468
3301	0.00408
3302	0.00437
3303	0.00442
3304	0.0046
3305	0.00462
3306	0.00462
3307	0.00444
3308	0.0046
3309	0.00444
3310	0.00446
3311	0.00457
3312	0.00505
3313	0.00415
3314	0.00416
3315	0.00434
3316	0.00434
3317	0.00469
3318	0.00483
3319	0.00399
3320	0.00423
3321	0.00409
3322	0.00426
3323	0.00439
3324	0.00461
3325	0.004
3326	0.00481
3327	0.00443
3328	0.00409
3329	0.00469
3330	0.00433
3331	0.00399
3332	0.00413
3333	0.00398
3334	0.00387
3335	0.00429
3336	0.00503
3337	0.00455
3338	0.00415
3339	0.004
3340	0.00432
3341	0.00426
3342	0.00437
3343	0.00438
3344	0.00448
3345	0.00426
3346	0.0044
3347	0.00411
3348	0.0041
3349	0.00452
3350	0.00447
3351	0.00454
3352	0.00469
3353	0.00499
3354	0.00445
3355	0.00403
3356	0.00432
3357	0.00431
3358	0.00432
3359	0.00423
3360	0.00422
3361	0.00492
3362	0.00503
3363	0.00466
3364	0.00433
3365	0.00461
3366	0.00453
3367	0.00439
3368	0.0046
3369	0.00525
3370	0.00513
3371	0.00557
3372	0.00533
3373	0.00527
3374	0.00578
3375	0.00564
3376	0.00576
3377	0.0056
3378	0.00582
3379	0.00597
3380	0.00586
3381	0.00666
3382	0.00711
3383	0.00692
3384	0.00767
3385	0.00764
3386	0.00817
3387	0.00843
3388	0.00831
3389	0.00835
3390	0.00824
3391	0.00864
3392	0.00771
3393	0.00788
3394	0.00727
3395	0.00705
3396	0.00702
3397	0.0066
3398	0.00635
3399	0.00619
3400	0.00559
3401	0.0063
3402	0.00612
3403	0.00599
3404	0.00538
3405	0.00568
3406	0.00602
3407	0.00589
3408	0.00582
3409	0.00552
3410	0.00612
3411	0.00551
3412	0.00545
3413	0.00522
3414	0.00535
3415	0.00541
3416	0.00559
3417	0.00564
3418	0.0055
3419	0.00554
3420	0.00486
3421	0.00481
3422	0.00501
3423	0.00455
3424	0.00496
3425	0.00431
3426	0.00524
3427	0.00544
3428	0.00538
3429	0.00561
3430	0.00588
3431	0.00489
3432	0.00504
3433	0.00579
3434	0.00527
3435	0.00522
3436	0.00515
3437	0.00557
3438	0.00581
3439	0.00515
3440	0.00503
3441	0.00598
3442	0.00536
3443	0.0059
3444	0.00536
3445	0.00478
3446	0.00507
3447	0.00476
3448	0.00456
3449	0.00526
3450	0.00544
3451	0.00492
3452	0.00524
3453	0.0058
3454	0.0055
3455	0.00616
3456	0.00462
3457	0.00496
3458	0.0058
3459	0.00536
3460	0.00571
3461	0.00556
3462	0.00591
3463	0.00458
3464	0.00465
3465	0.00482
3466	0.0055
3467	0.00556
3468	0.00533
3469	0.00549
3470	0.00527
3471	0.00509
3472	0.00592
3473	0.00558
3474	0.00499
3475	0.00497
3476	0.00585
3477	0.00526
3478	0.00559
3479	0.00526
3480	0.00572
3481	0.00524
3482	0.00575
3483	0.00682
3484	0.0056
3485	0.00686
3486	0.00657
3487	0.00478
3488	0.00574
3489	0.00635
3490	0.00556
3491	0.0055
3492	0.00548
3493	0.00621
3494	0.00569
3495	0.00616
3496	0.00556
3497	0.00624
3498	0.00574
3499	0.00601
3500	0.0069