100	0.0334720307330972
101	0.0356531229194769
102	0.0375514234581048
103	0.0389144265517393
104	0.0400190358437952
105	0.040729911817408
106	0.041446080262817
107	0.0416447171209384
108	0.0414003865182259
109	0.0414760346865218
110	0.0408610118330555
111	0.0404377159340576
112	0.0397406028037686
113	0.0392694761477583
114	0.0383903078566975
115	0.0372678343146029
116	0.0362347199986897
117	0.0352344169364953
118	0.0340717061088271
119	0.0328472497768703
120	0.0317898567212921
121	0.0305897654380643
122	0.0294542229775193
123	0.0284778171689276
124	0.0274152714622367
125	0.0263767973534575
126	0.0252429430982018
127	0.0241799451320162
128	0.0234517641910985
129	0.0226858230347402
130	0.0218429960381102
131	0.0211352168337088
132	0.0202762293279608
133	0.0196576044520231
134	0.019029806648778
135	0.0183879634263339
136	0.0178421640670676
137	0.0172266523590635
138	0.0169135370574318
139	0.0165658920886198
140	0.0161146922966564
141	0.0154642174773534
142	0.015069606568349
143	0.014694293502934
144	0.0143322801464061
145	0.0139808410311467
146	0.013670869278239
147	0.0133743741677994
148	0.0130565092783832
149	0.0127198312570802
150	0.0124214739422786
151	0.0121034813154479
152	0.0117930531602105
153	0.0116416094077377
154	0.0114697623651854
155	0.0112389229048637
156	0.0109969740870776
157	0.0108772297549628
158	0.0105852662156123
159	0.0104673702784091
160	0.0102882061260406
161	0.0100968475386568
162	0.0100291209888605
163	0.00986916094843801
164	0.00973935884849291
165	0.00968348961050846
166	0.00957528186572411
167	0.00944664079530612
168	0.00944819211442002
169	0.00946165684623725
170	0.00944239093700144
171	0.00942236240087732
172	0.00938047022531319
173	0.00941579065613655
174	0.00946087592182741
175	0.00941200842033989
176	0.00940218109771016
177	0.00934116179788491
178	0.009120328147337
179	0.00899002355602209
180	0.0089572304272068
181	0.00888796153443927
182	0.00882908511605165
183	0.0087750748026847
184	0.00877500748161489
185	0.00881221531904684
186	0.00886859619716188
187	0.00886292983450106
188	0.00890000665477406
189	0.00902569112190031
190	0.00914881031103038
191	0.00931034342045085
192	0.00946708672206309
193	0.00967129707429259
194	0.00990518462551374
195	0.0100810070635476
196	0.0102985984278024
197	0.0105817644842732
198	0.0107584717628298
199	0.0110481180764336
200	0.0113382264887654
201	0.0116456346898582
202	0.0119473706592738
203	0.0122894369554338
204	0.0126193305664627
205	0.0129841073665974
206	0.0133017359417967
207	0.0136330617654313
208	0.0139519822146986
209	0.0143973399187471
210	0.0148357519871902
211	0.0153725746859603
212	0.0158530020066926
213	0.0165579506190355
214	0.0172105035879783
215	0.0178027708841386
216	0.018226187788444
217	0.018497626341935
218	0.0188077020109556
219	0.0188944719652211
220	0.0189541400103424
221	0.0189999575221311
222	0.0191152306995015
223	0.0192039367386876
224	0.0193870681734857
225	0.0198459976325907
226	0.020126246615321
227	0.0206253891934617
228	0.0211502518726339
229	0.0215520930645364
230	0.0222332252085603
231	0.0228531383335852
232	0.0235302657370458
233	0.0242381536908676
234	0.0250176643582467
235	0.0258175922977736
236	0.02685881966569
237	0.028048590111061
238	0.029391134504197
239	0.0308522830867143
240	0.0325048099350819
241	0.0343485545144412
242	0.0365747397343274
243	0.0391523720099071
244	0.0419370079442591
245	0.0451773488310901
246	0.0493875135973025
247	0.0545057239411635
248	0.0605091407581932
249	0.067960713191266
250	0.077339118213299
251	0.0903442249203709
252	0.107444655279458
253	0.130727146682144
254	0.163184928534507
255	0.207393882764313
256	0.266210592541552
257	0.340187075103068
258	0.429226025610261
259	0.519582501239156
260	0.598306344811283
261	0.64877284253958
262	0.658142226538258
263	0.619606023566186
264	0.539548256150222
265	0.438584448357828
266	0.341480744399519
267	0.260292863363127
268	0.200528480064657
269	0.156123136464752
270	0.126019215104268
271	0.104558169471203
272	0.0882993198058629
273	0.0762100144089184
274	0.0671147221043547
275	0.0603362792389043
276	0.054749837045035
277	0.0500947594116892
278	0.0465476260526271
279	0.0437075503541924
280	0.0416849561326933
281	0.0404632219886108
282	0.0397947220391741
283	0.0392405211830131
284	0.0388110973404808
285	0.038088188157184
286	0.0370610671426655
287	0.035566468619357
288	0.0328490726242992
289	0.0298869904331857
290	0.0273006633825124
291	0.0250763165456864
292	0.0231948635363248
293	0.0219000566864122
294	0.0210199061982046
295	0.0201671502068676
296	0.0195919614030285
297	0.0190489527610332
298	0.0185948662761198
299	0.0183822385461278
300	0.0185429774395426
301	0.0187444057054075
302	0.0191930110469111
303	0.019709903774508
304	0.0197941276113895
305	0.0194309247433434
306	0.0187050125224785
307	0.0179531901480234
308	0.017312701977882
309	0.016865142184378
310	0.0167420620069448
311	0.0166401389429548
312	0.0166188658301298
313	0.016615660484116
314	0.0166150071245025
315	0.0165770784337692
316	0.0164740542387424
317	0.0162253455224563
318	0.0161480695652159
319	0.0157804316196142
320	0.0156503333069619
321	0.0155488447227994
322	0.0154296719293054
323	0.0154186727022066
324	0.0153264530210306
325	0.0152251066742053
326	0.0152501067850262
327	0.0152686022995579
328	0.0153273986231343
329	0.0152908446631702
330	0.0152031686363523
331	0.0153654868130177
332	0.0155295273733615
333	0.0156381052114117
334	0.0157274998243093
335	0.015832436282955
336	0.0160941711083958
337	0.0163830068072718
338	0.0165271098012449
339	0.016803601577807
340	0.0171096170958453
341	0.01739670762545
342	0.0178301455299245
343	0.0183684510184117
344	0.0190057034617488
345	0.0195099482865089
346	0.0202391008948676
347	0.0209597919352231
348	0.0218869135421669
349	0.0230804228961845
350	0.0243759271233331
351	0.0259213772208893
352	0.0277865368051746
353	0.0300519909229379
354	0.0332281126877099
355	0.0375868688644526
356	0.044144540049263
357	0.0547887779684694
358	0.0722763355502518
359	0.0990802522942364
360	0.144438004330616
361	0.208567893174623
362	0.292893315824239
363	0.407090650713585
364	0.536464312465657
365	0.683476508792567
366	0.789317710831189
367	0.854843828306056
368	0.830614923494472
369	0.706953161065321
370	0.519412541430594
371	0.339829047844345
372	0.192444358859609
373	0.104800860201702
374	0.0710765687891041
375	0.0549260956890777
376	0.0457735735704467
377	0.0394166434587348
378	0.0347595669074699
379	0.0311555696847713
380	0.0282420984846075
381	0.0259004507252647
382	0.0239805798253958
383	0.0223911707954322
384	0.0211284381198329
385	0.0198628020073251
386	0.0188292029797093
387	0.0180694075465524
388	0.0174134766134682
389	0.0165564414187448
390	0.0160186033801474
391	0.0153308042061763
392	0.0147970080210396
393	0.0143699390350058
394	0.013960842875813
395	0.0134151674563624
396	0.0130431683137635
397	0.012736284871779
398	0.0123655118357414
399	0.0121883521250721
400	0.0119065677040956
401	0.011575399998666
402	0.0114217778054212
403	0.011297666407293
404	0.0110673741464362
405	0.0109541823984499
406	0.0108425763205849
407	0.0107067747049925
408	0.0104496444681089
409	0.0101469846464737
410	0.00989767401077626
411	0.00960761824697343
412	0.0094647037288098
413	0.00919028768523358
414	0.00894087227033258
415	0.00869008195204422
416	0.00858597664968348
417	0.00837635696318534
418	0.00828049590260493
419	0.00814119583541781
420	0.00808094175175279
421	0.00797984760001215
422	0.00790935467210089
423	0.0077331050042009
424	0.00767589055314706
425	0.00766379019501139
426	0.00753090306388753
427	0.0074996902540316
428	0.00746625757505308
429	0.00734438434356896
430	0.00731562633610746
431	0.00720105502404439
432	0.0071142001416601
433	0.00707613888020466
434	0.0069689314574705
435	0.0069543407376061
436	0.00684350108422827
437	0.00685188428360142
438	0.00680819964139896
439	0.00672456874778626
440	0.00662783976325962
441	0.00655831953849812
442	0.00654189820338914
443	0.00649043228122492
444	0.0064783041315707
445	0.0064901127650705
446	0.00648244023452921
447	0.00655290416259501
448	0.00648856006501158
449	0.00653769443412456
450	0.00658583158831366
451	0.00664478326820497
452	0.00676250537895348
453	0.00676205898847517
454	0.00686438891339222
455	0.00699726085412085
456	0.00718550230335415
457	0.00734223369431558
458	0.00751780790748176
459	0.00770096109216401
460	0.00774877959328932
461	0.00768120512006357
462	0.00765002061958059
463	0.00733383271527528
464	0.00698455408850247
465	0.006586026646798
466	0.00611192785186448
467	0.00592878519688803
468	0.0058179548648891
469	0.00578600963631722
470	0.00574283404497343
471	0.00574130637454303
472	0.00565740671450546
473	0.00563342660420137
474	0.00564871936199125
475	0.00566457364655063
476	0.00564507194095234
477	0.00562208887295401
478	0.0056039758801933
479	0.00562151267364365
480	0.0056476427427286
481	0.00562143689428558
482	0.00556906161982448
483	0.00563644258812904
484	0.00563380135815667
485	0.00561067260045854
486	0.00562404584466807
487	0.00564353891935998
488	0.00569654252380601
489	0.0056789220105637
490	0.00562492550664698
491	0.00562740551128806
492	0.00561087421843172
493	0.00561758802789161
494	0.00559951732657219
495	0.00556455369741884
496	0.00560728341613871
497	0.00561713179818002
498	0.00553043417091009
499	0.00549012818332167
500	0.00546610008517807
501	0.00545713171035192
502	0.00532174489612041
503	0.00537575520948736
504	0.0053416562245358
505	0.00538531445616472
506	0.00531305944240561
507	0.00524972222636122
508	0.00522594166261279
509	0.00517402140953638
510	0.00522879883786295
511	0.00524660560606508
512	0.00521435639697027
513	0.00521028088297459
514	0.00523357362789406
515	0.00524631992306369
516	0.00522074292245998
517	0.00523814421068006
518	0.00527824530055088
519	0.00529318367332453
520	0.00533470782704034
521	0.00535562068583281
522	0.00530980455498915
523	0.00530958981803826
524	0.00530964591892977
525	0.00528667786870856
526	0.00520290128539605
527	0.00513204758559784
528	0.00498411540369739
529	0.00493347131643928
530	0.00488962199654297
531	0.0048126759125447
532	0.00473091706252721
533	0.00469223886388327
534	0.00466871118569196
535	0.00464531849487653
536	0.00461420442258967
537	0.00463055584735691
538	0.00457180112474934
539	0.00460968182764317
540	0.00458151382894226
541	0.00457526349915532
542	0.00454439299104668
543	0.00457754188582322
544	0.00457670814026629
545	0.00462688218836258
546	0.00461011130154496
547	0.004564386658309
548	0.00456132268654182
549	0.00456328967010729
550	0.00457474460906337
551	0.004599289008027
552	0.00458575246706864
553	0.00455781819331267
554	0.0045439735289963
555	0.00455051834530914
556	0.00454497108915645
557	0.00453781796656149
558	0.0045348548037809
559	0.00452393394531201
560	0.00454754258140522
561	0.00458319236761629
562	0.0046343158154151
563	0.00466929860518062
564	0.00463838062708686
565	0.00464252915855056
566	0.00468760579333503
567	0.0047098975257318
568	0.00470482134444968
569	0.00471744439027611
570	0.00469319102547582
571	0.00471052447477171
572	0.00467229663682302
573	0.00465493764004422
574	0.00465618083580013
575	0.00465833010410848
576	0.00461260425254562
577	0.00464062483536546
578	0.00465906839184077
579	0.00462089855358299
580	0.00461084872618662
581	0.00466702608752907
582	0.00470463957756118
583	0.00469814085028845
584	0.00467495426551753
585	0.00468939946830026
586	0.00466650926885465
587	0.00471336317988222
588	0.00472786292999331
589	0.00475909559093392
590	0.00481272597180174
591	0.00488215022088423
592	0.00490384607550408
593	0.00497790788320613
594	0.00506561688008643
595	0.00514985573474499
596	0.00524890643308957
597	0.00535108100169167
598	0.00549879654784182
599	0.00564166825670978
600	0.00582683779374202
601	0.00602480834589038
602	0.00622385741610079
603	0.00646877129546687
604	0.00668928301320657
605	0.00692477349636181
606	0.0071746109625851
607	0.00742785539279538
608	0.00759834462115492
609	0.00774858798716754
610	0.00790262826151768
611	0.0080409815182742
612	0.00817775549178014
613	0.00830215412647294
614	0.00844583109890675
615	0.00863724302529205
616	0.00878860064131915
617	0.00893975025250234
618	0.00907518557242774
619	0.00932766426862341
620	0.0095780613628168
621	0.00980788479283871
622	0.00997912404696323
623	0.0101198128269879
624	0.0103136065382996
625	0.0104900768121669
626	0.0105231980880429
627	0.010590449937988
628	0.0106356318698304
629	0.0106872893981164
630	0.0106022986188934
631	0.0104504064045247
632	0.0102817728210383
633	0.0101709666555772
634	0.00992703065790472
635	0.0099059189430291
636	0.00986220599145369
637	0.00981195616399932
638	0.00998522557992406
639	0.0100111970129496
640	0.0101790581303145
641	0.0103425582233004
642	0.0106158753798755
643	0.0110533812031481
644	0.0114761502716201
645	0.0120000877176278
646	0.0129247106771728
647	0.0142760915648854
648	0.0162266677773147
649	0.0189233953408489
650	0.0219355486996545
651	0.0245726979794938
652	0.0259332481695332
653	0.0256796099973736
654	0.0241627989733889
655	0.0227743053608327
656	0.0227023926488209
657	0.0248023301486301
658	0.0291038461542179
659	0.0363465799978206
660	0.0489555988751871
661	0.0704028799387479
662	0.10989148444257
663	0.182507320147895
664	0.311156330999762
665	0.509954500761515
666	0.74739351460437
667	0.937501708056374
668	1
669	0.91484430141782
670	0.714854410625853
671	0.497635349148956
672	0.319197711956384
673	0.192843814468987
674	0.114659639032847
675	0.072731581338511
676	0.0509847577640837
677	0.0388778246039356
678	0.0319512063376428
679	0.0273854706686656
680	0.0240741043269993
681	0.0216612170663428
682	0.0198674005542478
683	0.0185093697257826
684	0.0174303496902174
685	0.0166937120146042
686	0.0158592088367114
687	0.0153107969020818
688	0.0149085832002597
689	0.0145004259110636
690	0.0141317727982527
691	0.0138896841597831
692	0.0137287911183803
693	0.0136425637028903
694	0.0135935643211532
695	0.0137573430197973
696	0.0140307608127408
697	0.0143933916243116
698	0.0149413072818239
699	0.0157472544154647
700	0.0170217368617823
701	0.0184979990244728
702	0.0205504936402027
703	0.0228479649682972
704	0.0250599782398969
705	0.0271132311670619
706	0.0285574079352608
707	0.0290317729073473
708	0.0278146614767254
709	0.0255614787816624
710	0.0227854236944397
711	0.0200951529119732
712	0.0182960794874164
713	0.0170847288415712
714	0.0162458375382534
715	0.0157773472789079
716	0.0156885214427412
717	0.0155776061826234
718	0.015519794990702
719	0.015526248146789
720	0.0157168218395461
721	0.0160705723115358
722	0.0163472997118423
723	0.0167850440933674
724	0.0173930213653323
725	0.0179994987583854
726	0.0187102381910592
727	0.0194162154348253
728	0.0202115113395127
729	0.0211301919200106
730	0.0221216828267845
731	0.0231629550754142
732	0.0242208884257322
733	0.0254274684243814
734	0.0267654194491385
735	0.0284767037820038
736	0.0300153734395028
737	0.031982165398851
738	0.0339642306101406
739	0.0361691164792464
740	0.0385742997928624
741	0.0413311442086501
742	0.0443268593157702
743	0.047344030856167
744	0.0505552027317744
745	0.0538881584226758
746	0.0574442782814675
747	0.0614074886494259
748	0.0650078419034482
749	0.068485194384376
750	0.0715565214099852
751	0.0743593530211811
752	0.076992036670056
753	0.0790762883605985
754	0.0807442956026609
755	0.0820465802698667
756	0.0829568871449885
757	0.0835944073190417
758	0.0833577685801008
759	0.0833908180468358
760	0.0828811768341667
761	0.0819014394957098
762	0.0810913702411789
763	0.0802331577908244
764	0.0790744327157254
765	0.0777237200327853
766	0.0763353524314623
767	0.07477606871715
768	0.0728632354583486
769	0.0708524621262363
770	0.0690712363803779
771	0.0673281040029467
772	0.065109722848615
773	0.0625143920363994
774	0.0600338505529421
775	0.0572174373474565
776	0.054299491885422
777	0.0515068740888438
778	0.0480186155946061
779	0.0446491856933157
780	0.0415844526801857
781	0.0382951572923308
782	0.0354612716799565
783	0.0327204755715037
784	0.0303867492580424
785	0.0281662725196401
786	0.026343775505623
787	0.0244718372074618
788	0.0228116823640298
789	0.0213946618796852
790	0.0201993124164261
791	0.01910509007497
792	0.0180843763001166
793	0.0172118878127445
794	0.0163363886926067
795	0.015582996528898
796	0.0148129748526183
797	0.0142288004121403
798	0.0135932587870671
799	0.013041927016807
800	0.0124844534935624
801	0.01203126306935
802	0.0116650428364312
803	0.0112912343106175
804	0.0108105204437932
805	0.0104680334772559
806	0.010095338338366
807	0.0097346480997872
808	0.00949554264780106
809	0.00923723429219573
810	0.00890979237643501
811	0.00868264832499171
812	0.00843883609451679
813	0.00824678530844077
814	0.00800847459031469
815	0.00783530080483271
816	0.00758306584543339
817	0.00745377210587446
818	0.00729214733622817
819	0.00714859154172002
820	0.00689579678173248
821	0.00678154757509575
822	0.00668521492179038
823	0.00657910396940356
824	0.00641199736587499
825	0.00628520451775059
826	0.00619998139452772
827	0.0060877523378398
828	0.00599623918266062
829	0.00589304927423122
830	0.00580170010627339
831	0.005670748887452
832	0.00558385982667842
833	0.00554041754032729
834	0.00548348100445908
835	0.00536596948782641
836	0.00534950482556738
837	0.00526953343626253
838	0.00514981810399314
839	0.00507274100283592
840	0.00504869581549768
841	0.00503565123620334
842	0.0049731410336089
843	0.00492347154829995
844	0.00489643540666255
845	0.00488071800827846
846	0.00485929678909982
847	0.00477013779994661
848	0.00469917673167295
849	0.0047306648674426
850	0.00465916851035486
851	0.00462650415466286
852	0.00461096006487901
853	0.0045780989245214
854	0.00455502229749784
855	0.00453004462703361
856	0.00449412348512575
857	0.00446644140645439
858	0.00445025655818041
859	0.00443971873933695
860	0.00444133737952066
861	0.00445390190780178
862	0.0044018117984877
863	0.00437429353441955
864	0.00437525173764657
865	0.0044361451988567
866	0.00445114088084876
867	0.00441935118120997
868	0.00447005792884844
869	0.00457860331469062
870	0.00458322136746175
871	0.00474379834507272
872	0.00485195206038309
873	0.00502774411762646
874	0.00528361579574077
875	0.00556799483979512
876	0.00580899287693367
877	0.00606736026793868
878	0.0061161343830191
879	0.00607971092235955
880	0.00598948912339391
881	0.00582309750415039
882	0.00563779297974227
883	0.0054070702092749
884	0.0051656105912628
885	0.00501673159893175
886	0.00490082353208755
887	0.00474508573106932
888	0.00461245010455756
889	0.00453589465538234
890	0.00440320896961353
891	0.00435467790085696
892	0.0043200204962622
893	0.00430095275263702
894	0.00421386794290659
895	0.00421514220992549
896	0.0041125355954115
897	0.00410050702915516
898	0.00412457930027764
899	0.00404722894462423
900	0.00405384869446631
901	0.00400855804772709
902	0.00400133182135504
903	0.00402729262110394
904	0.00402451842338777
905	0.00397462494879628
906	0.00399126619939998
907	0.00400411193987299
908	0.00391986262455589
909	0.00390529230815418
910	0.00392266447569612
911	0.00388345428524433
912	0.00389397095836714
913	0.00387875334124826
914	0.00386052514314911
915	0.00388286822943888
916	0.00386362068677185
917	0.0038553264029963
918	0.00388386715328223
919	0.00388743351284836
920	0.00384479193294451
921	0.0038276871163588
922	0.00384116434572848
923	0.00386698620514637
924	0.00386154842341028
925	0.00388912910619341
926	0.00386834861098128
927	0.00386381558989987
928	0.0038998229200389
929	0.00388538957612155
930	0.00387986025499233
931	0.00388173298906006
932	0.00389166362363923
933	0.00386420278962218
934	0.00384556369133178
935	0.00381226734615054
936	0.00385784838836604
937	0.00380135556739516
938	0.0038284562164269
939	0.00381500006373061
940	0.00385936753146093
941	0.00379197411738936
942	0.00376822847428816
943	0.00375540379322674
944	0.00374996734065023
945	0.00374865497681055
946	0.00376084024580324
947	0.0037799521451455
948	0.00380257509720576
949	0.0038020614719667
950	0.00380048571012591
951	0.0037760486451141
952	0.00379034503380892
953	0.00377563512112731
954	0.00378010689729701
955	0.0038368255718262
956	0.00378399196171236
957	0.00376263266065614
958	0.00374754806306649
959	0.00380423183421026
960	0.00380372744404103
961	0.00374767975343613
962	0.00373076983997844
963	0.00372798181555024
964	0.00379748104994741
965	0.00374790955994958
966	0.00372757091535899
967	0.00371725506616598
968	0.0037425699116191
969	0.00373037870456282
970	0.00370041956838315
971	0.00374022767350576
972	0.00373084423839149
973	0.00371081704868877
974	0.00369654304856512
975	0.00372245843248461
976	0.00368837651946589
977	0.00369664710277251
978	0.00372527609544534
979	0.00371130828535666
980	0.00375517595455995
981	0.0037229542607947
982	0.0037034887704796
983	0.00370352828276904
984	0.00373578617455568
985	0.00371213535059204
986	0.00369391700898798
987	0.00372056726280084
988	0.0037293363154749
989	0.00369531235036166
990	0.00370200782777638
991	0.00370132760878225
992	0.003690368429089
993	0.00375808251585646
994	0.0037128287230875
995	0.00373267747743159
996	0.00369352652952124
997	0.00373049591227154
998	0.00369842172069644
999	0.00374358923892516
1000	0.00374794116632876
1001	0.00373101941126751
1002	0.00373091207731569
1003	0.00373552279381639
1004	0.00376381397281325
1005	0.00374919031741007
1006	0.00377428324499819
1007	0.0037770396630472
1008	0.00381166811958194
1009	0.00380540197797451
1010	0.00382963556073735
1011	0.00384134806320182
1012	0.00384469184895406
1013	0.00386320188067036
1014	0.00388411539541172
1015	0.00392562898489811
1016	0.00394004784615455
1017	0.00393020348611561
1018	0.00394372352478097
1019	0.00394317499615648
1020	0.00395336243472428
1021	0.00399417933744716
1022	0.00403878978245407
1023	0.00409487895319506
1024	0.00415243194292101
1025	0.00417717450749528
1026	0.00420055925787683
1027	0.00427533570462768
1028	0.00439637070248356
1029	0.00446994728062856
1030	0.00456796952016814
1031	0.00465874438761503
1032	0.00471044731446862
1033	0.00479047981059069
1034	0.00479610785202716
1035	0.00479392958387335
1036	0.0047663291535764
1037	0.00472585658949472
1038	0.00474390105285872
1039	0.00463459631987266
1040	0.00450541599042364
1041	0.00435599618549842
1042	0.00427546206109718
1043	0.00424220786926273
1044	0.00420714947275726
1045	0.00415754040379302
1046	0.00414653392673277
1047	0.00414431215881078
1048	0.00416924235928988
1049	0.00416334037288471
1050	0.00414094921244636
1051	0.00416079201146505
1052	0.00415507576216531
1053	0.00415233389582446
1054	0.00412247807159424
1055	0.004122154757841
1056	0.0041170179185488
1057	0.00405670191676136
1058	0.00406478812664575
1059	0.00408963345079145
1060	0.00404200318973443
1061	0.00402850818069759
1062	0.00402111996947449
1063	0.00401217905819246
1064	0.00398838202667464
1065	0.00401557683889505
1066	0.00401370344887843
1067	0.00400920203417621
1068	0.00402199510885844
1069	0.00401057893993385
1070	0.0039860812859592
1071	0.00375435351549038
1072	0.00384995908397995
1073	0.00402610141792811
1074	0.00399941957499787
1075	0.00399347080908008
1076	0.00402990153696281
1077	0.00401347100130763
1078	0.00400384854187189
1079	0.00404351309775949
1080	0.00405301044357625
1081	0.00408105997445611
1082	0.00406810491492281
1083	0.00407397860921685
1084	0.00407082314984197
1085	0.00406871270335054
1086	0.00407997807307875
1087	0.00408455652725138
1088	0.00406770587359694
1089	0.00406797388050205
1090	0.00409675234321168
1091	0.00408926404799811
1092	0.00408142081539031
1093	0.00407789396811362
1094	0.00405781147156277
1095	0.00408378675397259
1096	0.00412043216702077
1097	0.00412624066344797
1098	0.00410243310222436
1099	0.00411516624389265
1100	0.00415633604711585
1101	0.00415928419211934
1102	0.00416107786708457
1103	0.00421380873488878
1104	0.00424738762142149
1105	0.00420848881681031
1106	0.00422735442460792
1107	0.00433512820741916
1108	0.00432420786680465
1109	0.00432637560525267
1110	0.00438703275224594
1111	0.00445665430384842
1112	0.0045196253968439
1113	0.00454828276793692
1114	0.00456054297045886
1115	0.00458569256857832
1116	0.0046157702416263
1117	0.00467531193027818
1118	0.00464009662389461
1119	0.0046753587097908
1120	0.00464600862215119
1121	0.00466515732367828
1122	0.00459812677017301
1123	0.00466854201992679
1124	0.00465822946774001
1125	0.0046227238176656
1126	0.00459133321113811
1127	0.00455448959795567
1128	0.00456336337804783
1129	0.00450823294565005
1130	0.00450525321152919
1131	0.00449431129364872
1132	0.004477929488091
1133	0.00446221070876188
1134	0.00445331327998623
1135	0.00445251716518114
1136	0.00446004952980272
1137	0.00449983196660974
1138	0.00448872140081848
1139	0.004520137727447
1140	0.00453132476306884
1141	0.00455811457863797
1142	0.00453577347745667
1143	0.00456085126643499
1144	0.00457816486464619
1145	0.00464432887515026
1146	0.00465861337045608
1147	0.00469483210601614
1148	0.00475407999861464
1149	0.00482193031560849
1150	0.00483359153322721
1151	0.00489682586886748
1152	0.00501636944609977
1153	0.00514780382306067
1154	0.00521802746669268
1155	0.00522502454250016
1156	0.00524629679223457
1157	0.00530032557574118
1158	0.00529023501046666
1159	0.00526691792639118
1160	0.00527094735134676
1161	0.00529610609822698
1162	0.00532250217184676
1163	0.00530918623685563
1164	0.00533082478225708
1165	0.00536410987273639
1166	0.00541421608190849
1167	0.0054719613337051
1168	0.00553963713377183
1169	0.00560454413906978
1170	0.00567678655170557
1171	0.00572267518216287
1172	0.00585315411778679
1173	0.00592512672828894
1174	0.00595363046924829
1175	0.00610355915241406
1176	0.00621205862183427
1177	0.00630541999930704
1178	0.00647559385434722
1179	0.00663385101693965
1180	0.00684072037880868
1181	0.00698728542513753
1182	0.00715837070389212
1183	0.00730878012854361
1184	0.00744185472295419
1185	0.00760144812247336
1186	0.00775022958556224
1187	0.00788672063795683
1188	0.00809161179608209
1189	0.00837042994715165
1190	0.00855539993762824
1191	0.00879718200630293
1192	0.00912215738163654
1193	0.00944565307437926
1194	0.00975942294395135
1195	0.0101749308308805
1196	0.0106939376126877
1197	0.0112662987589765
1198	0.0118484312996216
1199	0.0124367699798129
1200	0.0131440905378489
1201	0.0139511631416825
1202	0.0148119938637984
1203	0.0160114285076684
1204	0.0172623000738571
1205	0.0186704498852359
1206	0.0203343981846428
1207	0.0221261501839301
1208	0.024213883582109
1209	0.0265867804011145
1210	0.0293688339682757
1211	0.0323679064979802
1212	0.0354114402788437
1213	0.0382616434828323
1214	0.0407749185418508
1215	0.0429202994899659
1216	0.0442048649063604
1217	0.044446040049698
1218	0.0435572293100223
1219	0.0418181758989493
1220	0.0392024744214803
1221	0.0361839167575179
1222	0.0330958423211565
1223	0.0300525398485841
1224	0.0268349949117009
1225	0.0242545972937151
1226	0.0219919188754456
1227	0.0200793134725728
1228	0.0184222717970744
1229	0.0170294818919372
1230	0.0158463565540113
1231	0.0147828861320101
1232	0.0139071182454475
1233	0.0131069241287677
1234	0.0124495214535264
1235	0.0118488737198829
1236	0.0112676355137576
1237	0.0106811022465642
1238	0.0103193091507673
1239	0.00999140151129794
1240	0.00959768303801387
1241	0.00922392836905601
1242	0.00889972407889897
1243	0.00862382386466054
1244	0.00842808975297503
1245	0.00819142702011439
1246	0.00792616715988729
1247	0.00770444245456404
1248	0.00751892664556757
1249	0.00735619901870323
1250	0.00713545340340046
1251	0.00696044503245697
1252	0.00684357030409749
1253	0.00672068950060181
1254	0.00647288875566759
1255	0.00631529858952071
1256	0.00627328195628649
1257	0.00613083575110338
1258	0.00598731465283891
1259	0.00591795979624377
1260	0.00584333214631902
1261	0.00569840472816794
1262	0.00565291122060501
1263	0.00556634806285658
1264	0.00549934719966928
1265	0.00542305689193825
1266	0.0053330068480097
1267	0.00524861332750869
1268	0.00515070311713401
1269	0.00512900536371475
1270	0.00501650374300315
1271	0.00496800685263586
1272	0.00495757122372402
1273	0.00487822160491525
1274	0.00481858980960069
1275	0.00473922258374289
1276	0.0046891538327045
1277	0.00467012492815806
1278	0.0046467507074823
1279	0.00454078320075962
1280	0.00452039976176489
1281	0.00448490412354188
1282	0.00439815781795993
1283	0.00435026612674846
1284	0.00435892258061781
1285	0.00426206447773163
1286	0.00422820059867005
1287	0.00421252203936469
1288	0.00417397623882472
1289	0.00413302431420233
1290	0.00410677449992218
1291	0.00406942057576873
1292	0.00404793286408729
1293	0.00401868489733205
1294	0.00396957303762292
1295	0.00397211808477453
1296	0.00398317538061158
1297	0.00398132173810878
1298	0.00391700018445282
1299	0.00387505397941472
1300	0.00386853167250574
1301	0.00386986116006369
1302	0.00383766580782473
1303	0.00384118145218494
1304	0.0038459647005043
1305	0.00380329679633598
1306	0.00380602951391605
1307	0.00379616538910149
1308	0.00373056834283794
1309	0.00375602211136026
1310	0.00375787640981195
1311	0.00376838517702452
1312	0.0037583643494736
1313	0.00375078781187314
1314	0.00371546266857489
1315	0.00370171415255567
1316	0.00371701077699162
1317	0.00371319154913018
1318	0.00367608850816357
1319	0.00369150827837184
1320	0.0037016193161563
1321	0.00373120839359375
1322	0.00370339460729093
1323	0.00376584145903249
1324	0.0037407314077261
1325	0.00384814626566435
1326	0.00391549158832554
1327	0.00390240352652483
1328	0.00394375380200057
1329	0.00403567778832375
1330	0.00416758298122803
1331	0.00424639057911573
1332	0.00438084491022124
1333	0.00450763896667253
1334	0.00463055135928559
1335	0.00468485011754397
1336	0.00467341537490883
1337	0.0047245099954803
1338	0.00458746656507698
1339	0.00450394942681046
1340	0.00441349459337238
1341	0.00424033789708504
1342	0.00412906490315937
1343	0.00399790505806881
1344	0.00390494594988089
1345	0.00382813685562878
1346	0.00377148797060863
1347	0.00371129709970198
1348	0.00366309000064752
1349	0.00368836795760675
1350	0.00362021070831998
1351	0.00361876204520664
1352	0.0035731158051243
1353	0.00362732236804066
1354	0.00360052856499277
1355	0.00361907284414562
1356	0.00358569024168595
1357	0.00360369258622679
1358	0.00359160015126319
1359	0.00358378985419416
1360	0.0035770397258802
1361	0.00362323974217812
1362	0.00361855067430924
1363	0.0035812790544791
1364	0.0035934175784828
1365	0.0035940424906288
1366	0.00361171558335281
1367	0.00359846553670104
1368	0.00361455827594206
1369	0.0036585787121884
1370	0.00365891255564742
1371	0.00362678043342865
1372	0.00362622467210462
1373	0.00363224124242298
1374	0.00365120893658133
1375	0.00364658175231124
1376	0.00363076492588558
1377	0.00365931028507552
1378	0.00365682517093786
1379	0.00366702313921145
1380	0.00366566006016584
1381	0.00367092993624909
1382	0.00368486546674789
1383	0.00366886754664442
1384	0.00364713356068015
1385	0.0036717813579023
1386	0.00369916646434671
1387	0.00370295736557339
1388	0.00368944062391427
1389	0.00372037365430878
1390	0.00372986112636863
1391	0.00370247469076464
1392	0.00372068643835622
1393	0.00373489392871526
1394	0.00373107668596229
1395	0.0037264705783656
1396	0.00374960912351157
1397	0.00372731872027438
1398	0.00372712183203789
1399	0.00372546178076534
1400	0.00377692509639583
1401	0.00378592329963445
1402	0.00378932767434952
1403	0.00379796370749436
1404	0.00381826416895509
1405	0.00383859953380125
1406	0.00385208071612605
1407	0.00386753471650904
1408	0.00389977156614591
1409	0.00393046622816783
1410	0.00396167582732658
1411	0.00396742836095677
1412	0.00403258091554142
1413	0.00407511647339121
1414	0.00408943459470831
1415	0.00411720952467057
1416	0.00417624478625933
1417	0.00423812061723437
1418	0.00430203196117158
1419	0.00440689730114871
1420	0.00455530936144425
1421	0.00471742402133704
1422	0.00486133609966081
1423	0.00496136398922647
1424	0.00502271920392828
1425	0.00488266842050367
1426	0.00472556814460328
1427	0.00456443999731047
1428	0.00450311447292663
1429	0.00438135724082434
1430	0.00432860514099041
1431	0.00428080372905975
1432	0.0042421678218571
1433	0.00421110760642608
1434	0.00418631360164975
1435	0.00420219101703825
1436	0.00422848110312761
1437	0.00423994277419067
1438	0.00426020434478723
1439	0.00431463412020455
1440	0.00432171681460339
1441	0.00432979120014604
1442	0.00435990046231139
1443	0.00441184764381572
1444	0.00448734442601358
1445	0.00455531920067753
1446	0.00462373397894907
1447	0.00467961443711182
1448	0.00466918933790577
1449	0.00470309464531801
1450	0.00472842134963651
1451	0.00470903892316448
1452	0.00472037078539549
1453	0.00468626644928198
1454	0.00471397217663684
1455	0.00472721578463245
1456	0.00466944153299038
1457	0.00463188414384978
1458	0.00462264872878004
1459	0.00462828212137847
1460	0.00463919521203161
1461	0.00464314678621158
1462	0.00466167061011629
1463	0.00466140063536452
1464	0.00470283986096148
1465	0.00474651656273007
1466	0.00479383861412003
1467	0.00488407560348091
1468	0.00500237978255612
1469	0.00506360518842587
1470	0.00511396221173756
1471	0.00521833489957816
1472	0.00537019431650257
1473	0.00550978075716359
1474	0.005660192771087
1475	0.00582342409764806
1476	0.00594158552153163
1477	0.00604316680162872
1478	0.00619109760258415
1479	0.00642680990003353
1480	0.00656154663439601
1481	0.00670639188631829
1482	0.00689736467218664
1483	0.00711689591896084
1484	0.00728075229576241
1485	0.00745232280407405
1486	0.00765880015017501
1487	0.00784684205285266
1488	0.00801630869142354
1489	0.00818165769717558
1490	0.00834491750572771
1491	0.00847632564473319
1492	0.00856235213272251
1493	0.00866459989141077
1494	0.00877639567659808
1495	0.00886231686752949
1496	0.00889333807126364
1497	0.00887393907345134
1498	0.00888092233980861
1499	0.00890485049205626
1500	0.00884936049609842
1501	0.00880358389480601
1502	0.00872585291618096
1503	0.00861580281811936
1504	0.0085034222027153
1505	0.00844372084229526
1506	0.00837374093545961
1507	0.00824874158968232
1508	0.00818572130052044
1509	0.0081219442534866
1510	0.00806041141473136
1511	0.00798985461811284
1512	0.00789162955227318
1513	0.00783473444475563
1514	0.00781391514498839
1515	0.00770524512885798
1516	0.00772014086495408
1517	0.0076239431990246
1518	0.0075126057149664
1519	0.0074603331482913
1520	0.00740763058986003
1521	0.00731627037434202
1522	0.00723192415120801
1523	0.00716359240225592
1524	0.00708446546083192
1525	0.00702583916611138
1526	0.00686713613089503
1527	0.00681862353227812
1528	0.00667730331514219
1529	0.00657045079527864
1530	0.00648631930909553
1531	0.00635666928572096
1532	0.00626208042074191
1533	0.00612232602264261
1534	0.0060538777564543
1535	0.00591109235665021
1536	0.00584952585736006
1537	0.00572816236720712
1538	0.00564859887453809
1539	0.00554040234993205
1540	0.00543932873974861
1541	0.00534778796566899
1542	0.0052665868448222
1543	0.00517888302648574
1544	0.00509386531883486
1545	0.00500827728088997
1546	0.00502068248263921
1547	0.00496508788009597
1548	0.00486546944072928
1549	0.00475654343191545
1550	0.00468213448915854
1551	0.00463265125880941
1552	0.00454454713903475
1553	0.00450649122874127
1554	0.00441059719809845
1555	0.00434752684967954
1556	0.00429687154224313
1557	0.00424003564274339
1558	0.00416313167756828
1559	0.0041160670515922
1560	0.00407013240114205
1561	0.00400292667476075
1562	0.00398013778489431
1563	0.00394392172491523
1564	0.00391799779639841
1565	0.0038579590193241
1566	0.00384266370678593
1567	0.00383904664927569
1568	0.00384126903862295
1569	0.0038180830925391
1570	0.00379752121818574
1571	0.00376863013940958
1572	0.00374285701008914
1573	0.00376765098034185
1574	0.00376352095354143
1575	0.00378136328107787
1576	0.00374721618745412
1577	0.00372423962715921
1578	0.00375397948653122
1579	0.003780778554432
1580	0.00376255758903239
1581	0.00377135363918163
1582	0.00378552557020635
1583	0.00382834888247507
1584	0.00388986530524637
1585	0.0039508470261052
1586	0.00408083410363597
1587	0.0041167334438743
1588	0.00417830912644884
1589	0.00414855148740967
1590	0.00402819934960528
1591	0.00391133062835664
1592	0.00379963561763229
1593	0.0037150853598713
1594	0.0036682545106256
1595	0.00363328758446602
1596	0.0036115358188346
1597	0.0035988856547003
1598	0.00359448432398854
1599	0.00356262480031708
1600	0.00356724078167067
1601	0.00358544792035825
1602	0.00355284299708763
1603	0.003582771182837
1604	0.00356690693821164
1605	0.00355438715254923
1606	0.00358832287527557
1607	0.00357163223862553
1608	0.00354756326450929
1609	0.00353527855021321
1610	0.00353664490900325
1611	0.00357728993585635
1612	0.00351819544898797
1613	0.00353410051780053
1614	0.00354563059742761
1615	0.00355418959110204
1616	0.00352434241504002
1617	0.00352520766340526
1618	0.00352077802332054
1619	0.00350914323353718
1620	0.00348654729621391
1621	0.00350383847133032
1622	0.00349831246446915
1623	0.00349733527324807
1624	0.00351294796147589
1625	0.00348642679149894
1626	0.00347783355038797
1627	0.00347408412929738
1628	0.00348188192881397
1629	0.00347460301938934
1630	0.00347857368513423
1631	0.00350222649420633
1632	0.00346939637332628
1633	0.00347414273315175
1634	0.00346388155211978
1635	0.00347850256646561
1636	0.00346582474890725
1637	0.00342769511341142
1638	0.00345972123083795
1639	0.00344625190737853
1640	0.00345309488698339
1641	0.00344404400069218
1642	0.00342367637351795
1643	0.00343572601644769
1644	0.00343274702458478
1645	0.00343996139209146
1646	0.00344129483260454
1647	0.00344539061196841
1648	0.00342011001395183
1649	0.00342402602879748
1650	0.00340833167493344
1651	0.00341089648686067
1652	0.0034119276730321
1653	0.00341941795335413
1654	0.00342918066501866
1655	0.00341214035582727
1656	0.00340003475010053
1657	0.00342817383526505
1658	0.00340469419669869
1659	0.00340189234555846
1660	0.00341501135778947
1661	0.00343532038110934
1662	0.00342688254809876
1663	0.00339198477276115
1664	0.0034089223396429
1665	0.00344519767668705
1666	0.00341519837226905
1667	0.00339748642320449
1668	0.00341140286213837
1669	0.00336475636905308
1670	0.00339785121709382
1671	0.00342638209362285
1672	0.0034320852412067
1673	0.00341098405603687
1674	0.00340860889964657
1675	0.00342567422120466
1676	0.00342588757721053
1677	0.00343556073459039
1678	0.0034196365742129
1679	0.0034304225661386
1680	0.00343430105380329
1681	0.00343032248214814
1682	0.00345587831976939
1683	0.00343505896821671
1684	0.0034477190061079
1685	0.00343632129006116
1686	0.00341415006237936
1687	0.00340119039394205
1688	0.00343213331535527
1689	0.0034365050075345
1690	0.00344175114862519
1691	0.00348869131693118
1692	0.00346936411099821
1693	0.00348899225937506
1694	0.00354029554073933
1695	0.00350222321446191
1696	0.00346008669793798
1697	0.00348934388250124
1698	0.00350551497311044
1699	0.00352039018491116
1700	0.00346641803741226
1701	0.00350667786691333
1702	0.00349311173920787
1703	0.00344261180534823
1704	0.00345389825174984
1705	0.00346788580935234
1706	0.00345015936036505
1707	0.00343552319014761
1708	0.00339860321070546
1709	0.00341865936573002
1710	0.0034122944520299
1711	0.00340164475937786
1712	0.0034214434544649
1713	0.00337571292495079
1714	0.00341991511082381
1715	0.00340781081699483
1716	0.00338290885684142
1717	0.00338588981655098
1718	0.003379181824322
1719	0.00336658235813182
1720	0.00337015596765932
1721	0.00337876039442496
1722	0.00340068862756837
1723	0.00335517475106636
1724	0.00334622986956739
1725	0.00336411369450173
1726	0.00336833194642723
1727	0.00336712890164784
1728	0.00338461038825007
1729	0.003333130622112
1730	0.0033737914607856
1731	0.00335701126985089
1732	0.00337399164602833
1733	0.00334008159161757
1734	0.00333614318820075
1735	0.00332796545618504
1736	0.0033114394281816
1737	0.0033013297022949
1738	0.00329857656399032
1739	0.00330959369158905
1740	0.0033227989783603
1741	0.00329338177679264
1742	0.0032900531296502
1743	0.00333059411955772
1744	0.00332715420277015
1745	0.00329545666394975
1746	0.00330645930888756
1747	0.00332864961087248
1748	0.00329597094513769
1749	0.00329479225677612
1750	0.00334104430017773
1751	0.00328414453197073
1752	0.00330424349629097
1753	0.00331865840459228
1754	0.00328375075549776
1755	0.00327698284751664
1756	0.00326011967904794
1757	0.00327613009670385
1758	0.00325241538677115
1759	0.00325115044113115
1760	0.00324206860440964
1761	0.00322700508349339
1762	0.00326931937942706
1763	0.00328975417231479
1764	0.0032941370501487
1765	0.00326306245562765
1766	0.00324116253185719
1767	0.00326375386027645
1768	0.00327962666676094
1769	0.00329064641815521
1770	0.00324806081831018
1771	0.00325406687618457
1772	0.003234108820042
1773	0.00324692690709094
1774	0.00322650397306859
1775	0.00323456910627959
1776	0.00326290835942502
1777	0.00322208750374702
1778	0.00322064279358881
1779	0.00323445978721929
1780	0.00325687071243326
1781	0.00328786300263102
1782	0.00321770857886823
1783	0.00324915193749555
1784	0.00325115701788181
1785	0.00325396876004076
1786	0.00322268935411116
1787	0.0032281962694074
1788	0.00323106792731849
1789	0.00321119680166504
1790	0.00321198830756612
1791	0.0032576220328342
1792	0.00324199484468366
1793	0.00324419945436376
1794	0.00322658101253899
1795	0.00322448242491294
1796	0.00321972551811987
1797	0.00323465009870512
1798	0.00321698489462954
1799	0.00321497651723704
1800	0.00321260596975076
1801	0.00321209564151794
1802	0.00320291831244817
1803	0.00319805210385662
1804	0.00322932821277999
1805	0.00322396154971252
1806	0.00324263884839459
1807	0.00321496992322457
1808	0.00317069991568916
1809	0.00317653477090447
1810	0.00319105832505537
1811	0.00319158643295535
1812	0.00318570747380841
1813	0.00313852695202137
1814	0.00312357406206318
1815	0.00316418946764556
1816	0.00315568182786413
1817	0.00311644791968159
1818	0.00314870320493449
1819	0.00320652090455931
1820	0.0031909226817306
1821	0.00315152810059477
1822	0.0031629587694421
1823	0.00315314138961653
1824	0.00310763081012076
1825	0.00314689433957402
1826	0.00313539519311543
1827	0.00312796418985845
1828	0.00313507452041954
1829	0.00314018503544727
1830	0.00314141638959961
1831	0.00315139048942335
1832	0.00313234575579459
1833	0.00315316246628992
1834	0.00313638688425923
1835	0.0031172578611987
1836	0.00314135647384748
1837	0.00311897520442785
1838	0.00317069202704073
1839	0.00309255213333289
1840	0.00313575144240743
1841	0.00312735443358406
1842	0.00311774317706481
1843	0.00311538973603498
1844	0.00313277574755077
1845	0.00310834722713628
1846	0.00310184929390693
1847	0.00309978165671118
1848	0.00311019955774131
1849	0.00313390439391711
1850	0.00308534237473023
1851	0.00308304227270187
1852	0.00308956656471932
1853	0.00308273212971178
1854	0.00307522144592705
1855	0.00310123228767117
1856	0.00312750982442264
1857	0.00311636760046675
1858	0.00310598458556024
1859	0.00310899057489832
1860	0.00310563493028071
1861	0.00308980954199591
1862	0.00309548765995124
1863	0.00310253148074771
1864	0.00309143270477457
1865	0.00310582260070918
1866	0.00308867298971932
1867	0.00307827286835635
1868	0.00308778271172556
1869	0.00309059379793562
1870	0.00309100140112063
1871	0.00309591238685451
1872	0.00311528438719163
1873	0.00311391012249134
1874	0.00308045113651016
1875	0.00309002552179733
1876	0.00308390028836756
1877	0.00310023864594253
1878	0.0031233356936906
1879	0.00312849096859884
1880	0.00311371389020374
1881	0.0031138916868753
1882	0.00309140966025452
1883	0.00309821906563354
1884	0.00311669157016887
1885	0.00309859637433713
1886	0.00312570624117688
1887	0.00310925923775232
1888	0.00311913192442602
1889	0.00313829188065503
1890	0.00309283791990516
1891	0.00309816177367695
1892	0.00310430083381875
1893	0.00314021135971175
1894	0.00312644637592315
1895	0.00310663121306671
1896	0.00310267240618719
1897	0.00311820674304683
1898	0.00307651865389512
1899	0.00311908977107922
1900	0.00314351169748123
1901	0.00313855462270725
1902	0.0031181514361987
1903	0.00310557368536899
1904	0.00310506007739175
1905	0.00314338131900936
1906	0.00310199810799484
1907	0.00312059177319403
1908	0.00312374921767738
1909	0.00310974058340149
1910	0.0031210428416236
1911	0.00312705350840199
1912	0.00316372458976577
1913	0.00317033708964649
1914	0.0031494617752968
1915	0.003160856867548
1916	0.00314533043659861
1917	0.00314923788958513
1918	0.00312584913446302
1919	0.00313424614328639
1920	0.00313352708521352
1921	0.00316340125875072
1922	0.00314482867022493
1923	0.00312065367405463
1924	0.00316314115775586
1925	0.00321561591204396
1926	0.00315375313099939
1927	0.00315570356048641
1928	0.00318728389159808
1929	0.00320757183824455
1930	0.00316951925948094
1931	0.00318560804576684
1932	0.00323706345548708
1933	0.00323445847532152
1934	0.00324473350032733
1935	0.0032426539870044
1936	0.00326706341585396
1937	0.00325388447060899
1938	0.00326462767050083
1939	0.00328620823347317
1940	0.0032894440293247
1941	0.00332631265487385
1942	0.00331051887296823
1943	0.00334742172869211
1944	0.00339367180424707
1945	0.0033952916872813
1946	0.0034058452316362
1947	0.00343920347767804
1948	0.00347665815903264
1949	0.00351936623143929
1950	0.00355096301305853
1951	0.00361302399423737
1952	0.00362564189604359
1953	0.00369513125668386
1954	0.00374433924742832
1955	0.00378188413901648
1956	0.00384727509649733
1957	0.0038845967583227
1958	0.00399431565398263
1959	0.00404742583286071
1960	0.00405982906676329
1961	0.00411376104602387
1962	0.00415726197075299
1963	0.00416332000394563
1964	0.00427388174213782
1965	0.00462827366309021
1966	0.00445000695236771
1967	0.00411909542950145
1968	0.00408346870507225
1969	0.0040126050969935
1970	0.0039571408211367
1971	0.00398295149489991
1972	0.00389300562601145
1973	0.00389716197707634
1974	0.00386168408399686
1975	0.00384038469869278
1976	0.00383299779936744
1977	0.00376416362809278
1978	0.00375987096049242
1979	0.00377543362398682
1980	0.00370725267423111
1981	0.00369776981107526
1982	0.00370990374343676
1983	0.0036811937583384
1984	0.00362495641219657
1985	0.00365916804773827
1986	0.00362341558826483
1987	0.00359515927812977
1988	0.00358059883548497
1989	0.00356668831735288
1990	0.00354647939528528
1991	0.00352761969102764
1992	0.00350690240857388
1993	0.00351033246886635
1994	0.00351234215815662
1995	0.00347862438307835
1996	0.00348913843240562
1997	0.00350224361792461
1998	0.00345399438278517
1999	0.0034753589659561
2000	0.00344870147944369
2001	0.00345176277562989
2002	0.00344488818964584
2003	0.00341684062661264
2004	0.00340094411965922
2005	0.00341332893520756
2006	0.00339037740454117
2007	0.00332101645452612
2008	0.00332815378256239
2009	0.00336681480570262
2010	0.00336779529392994
2011	0.00336051243155018
2012	0.00335796146359679
2013	0.00338754591486841
2014	0.00339765828181246
2015	0.0033663565045735
2016	0.00340234208482844
2017	0.00339198477276115
2018	0.00339068492373572
2019	0.00339001721955585
2020	0.0033519606705753
2021	0.0032900425826826
2022	0.00330364822267749
2023	0.00334267800992399
2024	0.00335208381634762
2025	0.00336464509940795
2026	0.00336355463617146
2027	0.00336137702396653
2028	0.00331917532683758
2029	0.00332057198010903
2030	0.00337484108257307
2031	0.0033399459482928
2032	0.00336657049926645
2033	0.00338610712551198
2034	0.00343813212326829
2035	0.00340064649148339
2036	0.00339056638686741
2037	0.00334468309031025
2038	0.0033473295506119
2039	0.00341348235819949
2040	0.00342472337150988
2041	0.00340659788119672
2042	0.00341652720387812
2043	0.00344025244351662
2044	0.00345235409628824
2045	0.00339061577291375
2046	0.00344856120995309
2047	0.00344351722195179
2048	0.00339669491730342
2049	0.00342665274158532
2050	0.00343919360392113
2051	0.00339944014969775
2052	0.00344898132795236
2053	0.00346693561560644
2054	0.00346351477312199
2055	0.00345259180871194
2056	0.00343935755661885
2057	0.00340583931083441
2058	0.00344317283152516
2059	0.00346471980300985
2060	0.00345163436500468
2061	0.00343538885872061
2062	0.00343335151600628
2063	0.00346601504313126
2064	0.00345992536903581
2065	0.00343038239790028
2066	0.00342778335579832
2067	0.0034659050853839
2068	0.00343399814351275
2069	0.0034192954635307
2070	0.0034234366932476
2071	0.00345360455926732
2072	0.00346662084645053
2073	0.00344585483389931
2074	0.00345145394453757
2075	0.00341753270447214
2076	0.00345750674740095
2077	0.00343199832797939
2078	0.00346717728098526
2079	0.00345094625736211
2080	0.00343942406638346
2081	0.00343862598373172
2082	0.00343465333287836
2083	0.00344677737422114
2084	0.00342874473519889
2085	0.00340678423972742
2086	0.00342039975347922
2087	0.00340015130186037
2088	0.0033873450736768
2089	0.00338101703120876
2090	0.00342921556840408
2091	0.00342099765088823
2092	0.0033917905083202
2093	0.00339672850879107
2094	0.00342340113391329
2095	0.00344582652452636
2096	0.00342357168062349
2097	0.00338078327174019
2098	0.00335059365583638
2099	0.00342324703771067
2100	0.00338774214715601
2101	0.00336050585479951
2102	0.00334314026400824
2103	0.00337993512983141
2104	0.00337903893103587
2105	0.00337041606865418
2106	0.00338353836062962
2107	0.00335672284222127
2108	0.00333899837834245
2109	0.00334084214708835
2110	0.0033494873980412
2111	0.00334030152437411
2112	0.00335529920873645
2113	0.00335134302565247
2114	0.00332695270562965
2115	0.00337080589217203
2116	0.00332546453022688
2117	0.00334913051006212
2118	0.00336850183718854
2119	0.00335402568397551
2120	0.00335294972066175
2121	0.00331398646044168
2122	0.00331576765511627
2123	0.00334081382045359
2124	0.00332745447200333
2125	0.00329924031521506
2126	0.0033305335478567
2127	0.00332758352131562
2128	0.00329972759892783
2129	0.00332392762472664
2130	0.00332316969305141
2131	0.00337144659887672
2132	0.00331229283494328
2133	0.00325229225826064
2134	0.00330177747371823
2135	0.00330739698781919
2136	0.00329829012146917
2137	0.00332667021606362
2138	0.0033283697623638
2139	0.00333280862025654
2140	0.0033465755718918
2141	0.00335040532945903
2142	0.003300916834257
2143	0.00331078555071376
2144	0.00334676852443497
2145	0.00334429129894575
2146	0.00330090299028316
2147	0.00336252541784669
2148	0.00336829640435473
2149	0.00337666641570292
2150	0.00342343866109426
2151	0.00340272533159563
2152	0.00336188077544869
2153	0.0033155549723211
2154	0.00334924442076461
2155	0.00331131103481819
2156	0.00332747817247227
2157	0.00339078435177729
2158	0.00335401779532707
2159	0.00332367541238022
2160	0.00332115539485713
2161	0.00336607532690525
2162	0.00333745620798932
2163	0.00335796343144345
2164	0.00338330789816729
2165	0.00331929517560366
2166	0.00335774218678914
2167	0.00334367693376735
2168	0.00336286784042666
2169	0.00337215379808421
2170	0.00337971190006863
2171	0.00340310001650367
2172	0.00339941841707547
2173	0.00337226113203603
2174	0.00337890263176221
2175	0.00338129952077479
2176	0.00332339095496753
2177	0.00334696539540965
2178	0.00338653052325567
2179	0.00334865969411874
2180	0.00334079341699089
2181	0.00336195847086798
2182	0.00337769035191299
2183	0.00334257528487618
2184	0.00332601238564066
2185	0.00336108531659249
2186	0.0033537886275007
2187	0.00328971598918494
2188	0.00329936675799362
2189	0.00328431573462982
2190	0.00324935409058494
2191	0.00336200587180585
2192	0.00334802095526071
2193	0.00326472775449128
2194	0.00328810466800984
2195	0.00326324222014586
2196	0.00323624495211083
2197	0.0033177957972844
2198	0.0032287803573662
2199	0.00331241004265201
2200	0.00328021798741929
2201	0.00321746558432983
2202	0.00326457959635226
2203	0.00328210915710306
2204	0.00324656473699716
2205	0.00318371292312794
2206	0.0032023441155081
2207	0.00321643308626063
2208	0.00322994587496462
2209	0.00324814774879931
2210	0.00320015597359738
2211	0.00315062202804233
2212	0.00318730693611813
2213	0.00318301097151153
2214	0.00310882793409838
2215	0.00314843849503562
2216	0.00321402763538892
2217	0.00316850650892555
2218	0.00316178796972897
2219	0.0031376426120912
2220	0.00316857959544083
2221	0.00317063868803926
2222	0.00319205790484761
2223	0.00315985005505621
2224	0.00313635329277157
2225	0.00317354129638064
2226	0.00317545024573157
2227	0.00315988428523093
2228	0.0031968760565524
2229	0.00323551403517259
2230	0.00318948915722707
2231	0.0031294484123061
2232	0.00317487604879149
2233	0.00319096680292405
2234	0.00316493355534694
2235	0.00317006645894584
2236	0.00318034476369607
2237	0.00312155251390753
2238	0.003132557126692
2239	0.00312793916022993
2240	0.00307860935287273
2241	0.00308174768852934
2242	0.00316006734675539
2243	0.00313905045101733
2244	0.00312821507304529
2245	0.00314352222718703
2246	0.00316664168076807
2247	0.00314621149678435
2248	0.00321005170479113
2249	0.00315881819567408
2250	0.0031798423413735
2251	0.00316204675882606
2252	0.00314617989040516
2253	0.00320600529421179
2254	0.00320388827096969
2255	0.00318707975340023
2256	0.00315727076046806
2257	0.00312874318094527
2258	0.00311931035978465
2259	0.00313447529385095
2260	0.00312984153283019
2261	0.00311858800470554
2262	0.00311806583486916
2263	0.00314093373205267
2264	0.00313375162687407
2265	0.00312927985070438
2266	0.00315746039874318
2267	0.00318130089550556
2268	0.00314147499345397
2269	0.00309296829837703
2270	0.00309495033424324
2271	0.00308707616846695
2272	0.00308296787428882
2273	0.00316903263171706
2274	0.00306929441263154
2275	0.0030515034389881
2276	0.00312778442534024
2277	0.00307233463214435
2278	0.00311201235879509
2279	0.00310721134807038
2280	0.00308583031439188
2281	0.00306721821357665
2282	0.00306257192047983
2283	0.00300446515453831
2284	0.00306840282274
2285	0.003081295308202
2286	0.00304063842248353
2287	0.00308444814378134
2288	0.00309229993824828
2289	0.00308177667111299
2290	0.00308251088505747
2291	0.00308676404036839
2292	0.00307526227011425
2293	0.00305818641885037
2294	0.00300864522333395
2295	0.00304266128253695
2296	0.00305203351473473
2297	0.00302878896479652
2298	0.00308190047283419
2299	0.00308757199677704
2300	0.00303985811949894
2301	0.00302387007315239
2302	0.00305299095844199
2303	0.00310492902570918
2304	0.0030630328626663
2305	0.0031242648107631
2306	0.00310728574648343
2307	0.00311385942454723
2308	0.00302247079608539
2309	0.00304773031742858
2310	0.00306259102930657
2311	0.00311323584156081
2312	0.00306064914441687
2313	0.00306062874095417
2314	0.00305663831043365
2315	0.00306410093733162
2316	0.00307893661958109
2317	0.00303002560106357
2318	0.00305202693798406
2319	0.00303949002860338
2320	0.00309317835737667
2321	0.00303915090302964
2322	0.00304817215078831
2323	0.00307992501371865
2324	0.0031352213666608
2325	0.00317419253279113
2326	0.00309608885436649
2327	0.00310711652893282
2328	0.00305408207762737
2329	0.00302705320321314
2330	0.00303192203560024
2331	0.00302654748388434
2332	0.00305469314579953
2333	0.00307149177235027
2334	0.00301487977582401
2335	0.00306022640262206
2336	0.00302860985622719
2337	0.00305914187744917
2338	0.003065433704634
2339	0.00302501979619212
2340	0.00300956446664955
2341	0.00306857271350132
2342	0.00309913566789178
2343	0.00306245669787957
2344	0.00308972525256414
2345	0.00307596026877554
2346	0.00308607460356624
2347	0.00308148496373894
2348	0.00307928825996909
2349	0.0031039676463086
2350	0.00308194195297029
2351	0.0030938888535904
2352	0.00311765690252457
2353	0.00313480520161666
2354	0.00313953312582609
2355	0.00314833576998781
2356	0.00314845232174765
2357	0.00314030421100265
2358	0.00313749510990106
2359	0.00318219840619887
2360	0.0031822227626167
2361	0.00315521694998434
2362	0.00317009476831878
2363	0.0031541857465511
2364	0.00320355770725509
2365	0.00317682582232963
2366	0.00320351161821499
2367	0.00327013194473972
2368	0.0032501666558976
2369	0.00328689042031395
2370	0.00331266092583885
2371	0.00326156043625103
2372	0.00328401480944775
2373	0.00331939261853676
2374	0.00330799488522821
2375	0.00331436772210039
2376	0.00335813332220476
2377	0.00340093293400454
2378	0.00342392989776215
2379	0.00344111703593298
2380	0.00348112993520233
2381	0.00356599427164672
2382	0.00355991973616106
2383	0.00361381550013845
2384	0.00361936455151967
2385	0.00372708231974846
2386	0.0037846557129371
2387	0.00385891580708248
2388	0.00396521979832154
2389	0.00408797999353138
2390	0.00416345171157709
2391	0.00434734042210159
2392	0.00444224414254562
2393	0.00463834247848063
2394	0.00487069838905444
2395	0.00511797178560845
2396	0.00539876796780365
2397	0.00565543386192364
2398	0.00586965917268771
2399	0.00608309941620687
2400	0.00620667155530411
2401	0.00636962185955322
2402	0.00638585417781233
2403	0.00626191781446559
2404	0.00614197272746819
2405	0.00585921888308642
2406	0.00570087938164707
2407	0.00559322798508839
2408	0.00527042777078229
2409	0.00500231539599448
2410	0.00490770478113133
2411	0.00473872544353503
2412	0.00459650226097295
2413	0.00456423181984843
2414	0.0044770536237109
2415	0.00440181766750404
2416	0.00435509874385236
2417	0.00430433019892416
2418	0.0041992212947688
2419	0.00414670499129735
2420	0.00410987268460228
2421	0.00410174827432622
2422	0.00404552016325422
2423	0.00406228060667511
2424	0.00404051896728678
2425	0.00415582906767471
2426	0.0041266673581979
2427	0.00414398349389558
2428	0.00415783022962948
2429	0.00414884511084493
2430	0.00416351230053992
2431	0.0041951281737241
2432	0.00418881190381237
2433	0.00426720142059471
2434	0.00435409065398642
2435	0.004343500186614
2436	0.00436595521575961
2437	0.00514872301459083
2438	0.00473677295989229
2439	0.00429316284176887
2440	0.00428985271655155
2441	0.00421188732250903
2442	0.00417980710656127
2443	0.00401128681235204
2444	0.00394995609216256
2445	0.00392504292909266
2446	0.00388518740577035
2447	0.00382995559474616
2448	0.00378171359230628
2449	0.0037736787535767
2450	0.00373759372801838
2451	0.00375089580177385
2452	0.00364136457654239
2453	0.00358413490056968
2454	0.00362709123236763
2455	0.00364053355835188
2456	0.0036064858927697
2457	0.00356716113566654
2458	0.00364982084516901
2459	0.00356201373214492
2460	0.00356972460117237
2461	0.00358383397538761
2462	0.00351044967657508
2463	0.0035252570494516
2464	0.00353540563167884
2465	0.00356919979027864
2466	0.00353861707111255
2467	0.00349833880599544
2468	0.00349888600546034
2469	0.00353365735528121
2470	0.00352878719373453
2471	0.0035716750306594
2472	0.00354765478664061
2473	0.00348202283699163
2474	0.00349964918472665
2475	0.00352348505532321
2476	0.00351555951839211
2477	0.00346801485866463
2478	0.00341934552278774
2479	0.00344659103295226
2480	0.00343874648844669
2481	0.00345731512401736
2482	0.00348519410818702
2483	0.00342173317673049
2484	0.00355781061882922
2485	0.00356315225226816
2486	0.00353386213216613
2487	0.0034913028738474
2488	0.00349674790554485
2489	0.00349257111649363
2490	0.00348335824535137
2491	0.00349143654932551
2492	0.00351996281695053
2493	0.00355366150046388
2494	0.0034822980765963
2495	0.00347547814151148
2496	0.00348862349526879
2497	0.00343770936421167
2498	0.00343743873351101
2499	0.0034979634651385
2500	0.00347540175798996
2501	0.00344396630527289
2502	0.00352290954648536
2503	0.00345442240669469
2504	0.00342498412845363
2505	0.00340413910858535
2506	0.0034799281850589
2507	0.00347566251493371
2508	0.00346452555583072
2509	0.00344494810539798
2510	0.00344094253626766
2511	0.00344153320097712
2512	0.00346284311598699
2513	0.00343830266997849
2514	0.00352347452561742
2515	0.00354712536684287
2516	0.00352711990976242
2517	0.00348271753864668
2518	0.00353044722774527
2519	0.00352701454365726
2520	0.0035109962200911
2521	0.00346248555479722
2522	0.00350239046416586
2523	0.00350626038997142
2524	0.00349223135223283
2525	0.00347496453353424
2526	0.00350133228051926
2527	0.00353533846596535
2528	0.00349659118554669
2529	0.00353233642958239
2530	0.00348877560636295
2531	0.00356046957668332
2532	0.00356314698741527
2533	0.00347191772000895
2534	0.00343605590695159
2535	0.00349530909892661
2536	0.00347179721529398
2537	0.00345135386054712
2538	0.00345234684632688
2539	0.0034726012187475
2540	0.00348248574702476
2541	0.00352272582901202
2542	0.00352241568602193
2543	0.00343759809456653
2544	0.00345848525051979
2545	0.00343955313295757
2546	0.00344407099816736
2547	0.00347916566174147
2548	0.00346403431916282
2549	0.00344985579412562
2550	0.00345096270786968
2551	0.00347110712254295
2552	0.00339979177282394
2553	0.00187087911332945
2554	0.00244647869480092
2555	0.00343943526929995
2556	0.00344908997380195
2557	0.00348961320130412
2558	0.00352074049613957
2559	0.00359557411401433
2560	0.00350353490509089
2561	0.00354240270748633
2562	0.00354578402041954
2563	0.00346005509155879
2564	0.0033703633856016
2565	0.00338721864816005
2566	0.00354837318876459
2567	0.00349902756958689
2568	0.00347542480251002
2569	0.0035554828633768
2570	0.00354159671892434
2571	0.00355150363577277
2572	0.00356787556757358
2573	0.00361330713975228
2574	0.00355253746300155
2575	0.00363007745693008
2576	0.00366405598895211
2577	0.00359757724381574
2578	0.00344453786115562
2579	0.00361013521260802
2580	0.00354196415387103
2581	0.00352218520629779
2582	0.00353150213164745
2583	0.00350212509831811
2584	0.00347227987284092
2585	0.00342554054572655
2586	0.00335945359195469
2587	0.00339156795176812
2588	0.00350118807533536
2589	0.00340740321380983
2590	0.00336567034751578
2591	0.00338238601379434
2592	0.00338082145487005
2593	0.00347053028454552
2594	0.00340817167519085
2595	0.00341813785184252
2596	0.00331146181675277
2597	0.00334464818692483
2598	0.00329480147458414
2599	0.00329380386263856
2600	0.00335376295918511
2601	0.00332128050847611
2602	0.00339138290513519
2603	0.0034338559061755
2604	0.00339976147834252
2605	0.00334244160939807
2606	0.00344676025050287
2607	0.00347419146324921
2608	0.00336966802799767
2609	0.00338566066598642
2610	0.00330931120202302
2611	0.0033405813901446
2612	0.00336800402376998
2613	0.00338893267712115
2614	0.00340586565236071
2615	0.00341860076187565
2616	0.0034095525166418
2617	0.00327230232424509
2618	0.00339156399881299
2619	0.00329840997023525
2620	0.00331612851331229
2621	0.0032927226344719
2622	0.00329777123137721
2623	0.00330342038401071
2624	0.00327570274600503
2625	0.00338226485313049
2626	0.00333825693169842
2627	0.00332327307404811
2628	0.00329383546901774
2629	0.00333122232870996
2630	0.00330107881910806
2631	0.00313036173481992
2632	0.00329140170877308
2633	0.00344513907283268
2634	0.00336359546035867
2635	0.00334160071745065
2636	0.00332393815443243
2637	0.00323947679500723
2638	0.00319871323128582
2639	0.00331434795732477
2640	0.00329201080909859
2641	0.00325074152604837
2642	0.00325772936678603
2643	0.00323234473182386
2644	0.0033031833275359
2645	0.00330989461677112
2646	0.00328883492899919
2647	0.00326722275964766
2648	0.00333927165010046
2649	0.00327179330791004
2650	0.00322616419154597
2651	0.00330684122649516
2652	0.00328842140501241
2653	0.00335741426413189
2654	0.00343099281012355
2655	0.00340524403722094
2656	0.00329456177705198
2657	0.00330525163794234
2658	0.00345026407052133
2659	0.00334735259513196
2660	0.00331476281047114
2661	0.0032450034750791
2662	0.00332550336930562
2663	0.00326813872321883
2664	0.00329468623472207
2665	0.00328575386803736
2666	0.00338711131420823
2667	0.00329882943228563
2668	0.00339477082934269
2669	0.00330465636432887
2670	0.00326030470841905
2671	0.00329136680538766
2672	0.003196174104936
2673	0.0033455430738226
2674	0.00339627875225928
2675	0.00332525314206766
2676	0.00328257009928953
2677	0.00337857667695162
2678	0.00338011950325364
2679	0.00332105266980932
2680	0.00341414545347535
2681	0.00319634991649909
2682	0.00336062701546337
2683	0.00340136028470336
2684	0.0032946849228243
2685	0.00340605924359095
2686	0.00324560071653923
2687	0.00330373054426261
2688	0.00338024660198108
2689	0.00334769303260346
2690	0.00341347445228924
2691	0.00349276142797946
2692	0.00336123150688486
2693	0.00331132551747911
2694	0.00346937793771024
2695	0.00336831680781743
2696	0.00341006151571504
2697	0.00346973220189377
2698	0.00339458117380575
2699	0.00344258413466236
2700	0.00348284990222702
2701	0.00348970802044169
2702	0.00342199329498716
2703	0.00332226560560743
2704	0.00331057088281012
2705	0.00339444026562809
2706	0.00337000187145669
2707	0.00343678815304942
2708	0.00351319357980983
2709	0.00348226319047268
2710	0.00338529982505222
2711	0.00346226562204068
2712	0.00355566526895237
2713	0.00361983075855904
2714	0.00345458635939241
2715	0.00345068220341212
2716	0.00347999997693822
2717	0.00342127751665872
2718	0.0035569440413044
2719	0.00361019053671795
2720	0.00347930263422582
2721	0.00355453070178425
2722	0.00366102433129843
2723	0.00367023589054293
2724	0.00352833348424761
2725	0.00359134400322346
2726	0.00352159587074791
2727	0.00348233562103908
2728	0.00346978554089524
2729	0.00341860209103524
2730	0.0033533244055698
2731	0.00344647644903907
2732	0.00339234561369535
2733	0.00334770093851371
2734	0.00321763942804627
2735	0.00333535696441439
2736	0.00337195625389884
2737	0.00323203129182753
2738	0.00325645651523578
2739	0.00331022057158171
2740	0.00326754410555424
2741	0.0033469831750768
2742	0.00332882017484449
2743	0.00317427022821042
2744	0.00311855508642858
2745	0.00322219286985219
2746	0.00331577490507764
2747	0.00322606607540217
2748	0.00323936222835586
2749	0.00344598390047341
2750	0.00318764802953852
2751	0.00322613850596856
2752	0.0031480414215564
2753	0.00324162017703743
2754	0.00327464323319885
2755	0.00325255696815951
2756	0.00333358761134335
2757	0.00317766077621345
2758	0.00325438426913602
2759	0.00324312744400513
2760	0.00334785370555675
2761	0.00316287118300409
2762	0.00315492524261029
2763	0.00320774963491611
2764	0.00326734852921553
2765	0.00324960298866331
2766	0.00326321522267069
2767	0.00318237026480684
2768	0.0032191611949367
2769	0.00322014168316401
2770	0.00324632835373304
2771	0.00318353842346262
2772	0.00319657644326811
2773	0.0034493046417056
2774	0.00327258020490711
2775	0.00331156322990281
2776	0.00336329652028507
2777	0.00348845888662219
2778	0.00340902176768447
2779	0.00313380627777331
2780	0.00314878550925779
2781	0.00324321304533467
2782	0.0032058242177958
2783	0.00314352025934037
2784	0.00320190095298878
2785	0.00323255216702795
2786	0.00324400717503129
2787	0.00326315068075273
2788	0.0033168607421483
2789	0.00323927201812231
2790	0.00329451568801187
2791	0.00333451607246697
2792	0.00325700437064957
2793	0.00330503367303246
2794	0.00336081401268114
2795	0.00325517378992863
2796	0.00324889249244958
2797	0.00327107424983718
2798	0.00336452195363563
2799	0.00337605336242229
2800	0.00346554027423276
2801	0.00340194963751505
2802	0.00342748900736691
2803	0.00328379882964633
2804	0.00333266835076594
2805	0.00342602914133708
2806	0.00333141460804244
2807	0.00334880389930265
2808	0.00320304409927785
2809	0.00332833815598462
2810	0.00331872425840801
2811	0.00337289790304741
2812	0.00335511942695642
2813	0.00336129734343877
2814	0.00347168592838703
2815	0.00334749417652032
2816	0.00327488950748168
2817	0.00324615778976103
2818	0.00325067698413041
2819	0.00328903378508234
2820	0.00348372766540652
2821	0.00346272787612492
2822	0.00342018047667156
2823	0.00336429806792396
2824	0.00323158155255754
2825	0.00357960187948827
2826	0.00347551173299914
2827	0.00357194895836629
2828	0.00355465975109653
2829	0.00361329661004649
2830	0.00358413424462079
2831	0.0035829667419139
2832	0.00366417583771819
2833	0.00382270697980295
2834	0.00385138535852212
2835	0.00364141857149275
2836	0.00361199411996372
2837	0.00365345305855087
2838	0.0034428969187098
2839	0.00360757438815953
2840	0.00352036515528264
2841	0.00347371867945917
2842	0.00341810360440598
2843	0.00368188778678275
2844	0.00361743585465493
2845	0.00365935110926273
2846	0.00357512221467014
2847	0.00359279729250262
2848	0.00364300355114155
2849	0.00375621834364786
2850	0.00378999933148451
2851	0.00376746923071516
2852	0.00374295578218183
2853	0.00396114245457371
2854	0.00388638125000354
2855	0.00379087840656179
2856	0.00370708278346979
2857	0.00130527458579624
2858	7.55224159898298E-4
2859	0
2860	0.00411635943217695
2861	0.00420042168122903
2862	0.00429222259082713
2863	0.00435627013046713
2864	0.00452583101853575
2865	0.00446449565491863
2866	0.00475038251831868
2867	0.00501803400270546
2868	0.00516250916136189
2869	0.00549368204533535
2870	0.00571772138713331
2871	0.00596607071247745
2872	0.00590415845907747
2873	0.00613319302425565
2874	0.00607453514041773
2875	0.00588935179393527
2876	0.00572097040553342
2877	0.00565278676293492
2878	0.00553746145488993
2879	0.0055616424926947
2880	0.00554441848329179
2881	0.00549795658803229
2882	0.00547985982137559
2883	0.00555377024297962
2884	0.00540529949252066
2885	0.00559828120815952
2886	0.00570390969287935
2887	0.00561854743944552
2888	0.00567166756112777
2889	0.00588383440071868
2890	0.00587911294968904
2891	0.00599098848445137
2892	0.00583218533072093
2893	0.0059758103450983
2894	0.00584060270848337
2895	0.00566796818203242
2896	0.00554424586516406
2897	0.00559650341406204
2898	0.00572064174061823
2899	0.00541532101054408
2900	0.0055159475397767
2901	0.00550611831834757
2902	0.00541551451546526
2903	0.00535623900396634
2904	0.00519735023164455
2905	0.00528311744720602
2906	0.00527350348058216
2907	0.00512822961784874
2908	0.00534066971193583
2909	0.00515515718268379
2910	0.00531515140149555
2911	0.0055187750247089
2912	0.00545176742941462
2913	0.00557743100974741
2914	0.00588952372159049
2915	0.00610230818884241
2916	0.00823144197353946
2917	0.00709856767139485
2918	0.00664728018942257
2919	0.00680919012421587
2920	0.00708361738797038
2921	0.00746991293652587
2922	0.00793826423827853
2923	0.00804694806385915
2924	0.00815813657847312
2925	0.00847811742089902
2926	0.00846758098300058
2927	0.00848988255463063
2928	0.00866570809979079
2929	0.00879005598475403
2930	0.0085942662900314
2931	0.00856102003863083
2932	0.00840540289768389
2933	0.0081792997335508
2934	0.00805285471095377
2935	0.00789457562585913
2936	0.00769910613776343
2937	0.00760228031446714
2938	0.00766056361696789
2939	0.00739971898321184
2940	0.0071702682357277
2941	0.00709769111654224
2942	0.00684194838416935
2943	0.00670723339969096
2944	0.00655376276516233
2945	0.00668035537625856
2946	0.0064489310857201
2947	0.00639719121858718
2948	0.00658831349175415
2949	0.00641204017517066
2950	0.00650283351275722
2951	0.00661221920364518
2952	0.00657134495718028
2953	0.00643747079560206
2954	0.00646724949405281
2955	0.00680071871697945
2956	0.00684848198030388
2957	0.00715185367909784
2958	0.00698293285904684
2959	0.0072524617381908
2960	0.00749803950687613
2961	0.0075379529608421
2962	0.00765705463566741
2963	0.00771433485422793
2964	0.00805517245455479
2965	0.00796207518281744
2966	0.00843084007760414
2967	0.00835195290275955
2968	0.00857415558767848
2969	0.00865098498182241
2970	0.0089925548282471
2971	0.00935613918235543
2972	0.00944710237617967
2973	0.00974674828530473
2974	0.00992605795475496
2975	0.0102813704481825
2976	0.010190105517871
2977	0.0107265641650097
2978	0.011069006423452
2979	0.0113055293356291
2980	0.0116395429961306
2981	0.0123652472121516
2982	0.0129200946958192
2983	0.0140511067936018
2984	0.0150010108862796
2985	0.0169148104613601
2986	0.0186148723718873
2987	0.0204493894766106
2988	0.0214006223836357
2989	0.0212354337401243
2990	0.0202089445079533
2991	0.0191152702290528
2992	0.0180067224817946
2993	0.0171877002154509
2994	0.0164802914495516
2995	0.0160468312773387
2996	0.0164765197434607
2997	0.016521631247107
2998	0.0170600515266492
2999	0.0179310808729876
3000	0.0188351213648366
3001	0.0198956909392013
3002	0.0207322104694441
3003	0.022177725028133
3004	0.0240663675825145
3005	0.0261924429192244
3006	0.028594847080984
3007	0.0314380955006063
3008	0.0358356406968309
3009	0.0410898551373482
3010	0.0469671295313588
3011	0.0550575133220802
3012	0.0639005794707691
3013	0.0754212427789867
3014	0.0907320512464831
3015	0.11048948369628
3016	0.131373601570488
3017	0.157053613768099
3018	0.177907064305735
3019	0.19140537034881
3020	0.19631371502534
3021	0.188566181907551
3022	0.17282951416186
3023	0.153297367356744
3024	0.135960593435714
3025	0.115234554064336
3026	0.0983863964680177
3027	0.0852089253818648
3028	0.0732613670866861
3029	0.063888252810268
3030	0.0566594199044913
3031	0.050436286103582
3032	0.0452689952474639
3033	0.0404621258634997
3034	0.0372032803133762
3035	0.0342488123078769
3036	0.0309840753010539
3037	0.0289286611949298
3038	0.0266511617842136
3039	0.0247906922344587
3040	0.0229743007236193
3041	0.0216961808681142
3042	0.0205031721066671
3043	0.0191213598513628
3044	0.0186199545948039
3045	0.0176808298137303
3046	0.0172017338966171
3047	0.0163556480423537
3048	0.0154918698657068
3049	0.0150952848957937
3050	0.0144921856395002
3051	0.0144346433866218
3052	0.0137994637417625
3053	0.0130293676670697
3054	0.0135625641768306
3055	0.0129925490835158
3056	0.0122664367982408
3057	0.0121863649451857
3058	0.0120615744673429
3059	0.0119463197601122
3060	0.0121044196675902
3061	0.0116217086090281
3062	0.011403773562081
3063	0.0113079017991766
3064	0.0109990641473682
3065	0.0115961355786413
3066	0.0115335623704302
3067	0.0113267313297856
3068	0.0115512736808077
3069	0.0114291791528839
3070	0.0116408790604393
3071	0.0118113308306651
3072	0.0114862164977387
3073	0.0115581666678842
3074	0.0114007957267595
3075	0.0111390667703351
3076	0.0103175693326579
3077	0.00982537480677645
3078	0.0101632445836333
3079	0.00978152704044328
3080	0.00974393668124028
3081	0.00891402773481696
3082	0.00910970609084721
3083	0.00889980848916343
3084	0.00837288595787297
3085	0.00823552974342221
3086	0.0081631359446884
3087	0.00763538847136553
3088	0.00753045805435424
3089	0.00740862107267694
3090	0.0072094579018841
3091	0.00735520525614189
3092	0.00716835666258123
3093	0.00699879974472955
3094	0.00722467816006034
3095	0.00673968094701453
3096	0.00649035719233936
3097	0.00656457435635637
3098	0.00680271849798918
3099	0.00656386386014264
3100	0.00617469024954353
3101	0.00651102959407991
3102	0.00621549648446611
3103	0.00649375880516438
3104	0.00647817915604622
3105	0.00629127636039345
3106	0.00562949816085051
3107	0.00640252097589893
3108	0.00592320790518111
3109	0.00563252053164892
3110	0.00603916326939231
3111	0.00582369148312791
3112	0.00586074379162677
3113	0.00642967104550063
3114	0.00637148458176955
3115	0.00548570052834542
3116	0.00550309197733223
3117	0.00592432785159381
3118	0.0056490576935216
3119	0.00550048561622165
3120	0.00566856733955376
3121	0.00557251277405216
3122	0.00556800070881146
3123	0.00547777183250258
3124	0.00549892428525634
3125	0.00540179102907457
3126	0.00548536271466946
3127	0.00536679978102078
3128	0.00587524578577353
3129	0.00524616715602064
3130	0.00531683529133155
3131	0.00501945499513293
3132	0.00554728411683021
3133	0.00525538858902205
3134	0.00546628444133848
3135	0.00543871111208759
3136	0.00567615321579493
3137	0.00553194268072831
3138	0.0055884968674436
3139	0.00519145290592882
3140	0.00510768357257768
3141	0.00546620279296407
3142	0.00538605257127889
3143	0.00476978220660349
3144	0.00535008534033093
3145	0.00514868676478401
3146	0.00525078710759118
3147	0.00523760754092096
3148	0.00509464365397279
3149	0.00545262948434449
3150	0.00486600024147205
3151	0.00531857683562221
3152	0.00517280911242534
3153	0.00485848945411644
3154	0.00502770855829215
3155	0.005124964891199
3156	0.00476542895004029
3157	0.00472651046696255
3158	0.00500362246045764
3159	0.00548905881402038
3160	0.00482703825862612
3161	0.00483633667931249
3162	0.00534937156437277
3163	0.00557741720029719
3164	0.00565762196931073
3165	0.00514351253640533
3166	0.00498853839798418
3167	0.00471273830225984
3168	0.00488414206146009
3169	0.00503590602055987
3170	0.00452011459661788
3171	0.00417195867814782
3172	0.00418109311161285
3173	0.00481602643040391
3174	0.00450178772999691
3175	0.00420057582921709
3176	0.00423128821912073
3177	0.00474027607217642
3178	0.00435258404296761
3179	0.00469031486223161
3180	0.00440207055306116
3181	0.00454912756105403
3182	0.00466210733397944
3183	0.00476115216330769
3184	0.00492402064656426
3185	0.0043802600800045
3186	0.00484619351964206
3187	0.0045245172219656
3188	0.00484125560548025
3189	0.00491202765690404
3190	0.00463393519244346
3191	0.00423355797488224
3192	0.00461768785640724
3193	0.00454913740028731
3194	0.00400100060169155
3195	0.00452767475275802
3196	0.0049291094289697
3197	0.00491095362691331
3198	0.00459234268194907
3199	0.00495675801972429
3200	0.00431223731750104
3201	0.00430710365438238
3202	0.00451505688547543
3203	0.00386177691802596
3204	0.00403607089158602
3205	0.00483174106689796
3206	0.00481429196345649
3207	0.00418678243248466
3208	0.00448417308577095
3209	0.00426683926776274
3210	0.00383015182703376
3211	0.00393612195755199
3212	0.00439151754382246
3213	0.0044208018639554
3214	0.00466035629569176
3215	0.00484025338463065
3216	0.00447631274670669
3217	0.00369366876685849
3218	0.00434751752830064
3219	0.0048103258893538
3220	0.00414414351089998
3221	0.00378222260864133
3222	0.00409636647264895
3223	0.00437652255230291
3224	0.00396007833286351
3225	0.00414277982769093
3226	0.00447576554724179
3227	0.00405230718006207
3228	0.00421934269944564
3229	0.00476961632058274
3230	0.00433133129908163
3231	0.0042380199808659
3232	0.00425424970985309
3233	0.00418166931092321
3234	0.00418145992513427
3235	0.00436751309436236
3236	0.00394995082730966
3237	0.00490429436478179
3238	0.00410484910006368
3239	0.00401138359933626
3240	0.00386629150349132
3241	0.00483630370925009
3242	0.00424231126752124
3243	0.00407499268893182
3244	0.00455373163175681
3245	0.00417039147816617
3246	0.00431717661260787
3247	0.00459458153906571
3248	0.00461314489252167
3249	0.00410543843561356
3250	0.00449316545451686
3251	0.0045523171988182
3252	0.00427030164216872
3253	0.00430591569642735
3254	0.00447854383600759
3255	0.00384841296067169
3256	0.00388789050207971
3257	0.00492066443230683
3258	0.00381807518662885
3259	0.00447596975448689
3260	0.0046889135482707
3261	0.00431233726339699
3262	0.00402766400900575
3263	0.00441204391062695
3264	0.00416779046821756
3265	0.00461968832788949
3266	0.004726127254719
3267	0.00447165671794746
3268	0.00420367259842855
3269	0.00456673081248356
3270	0.00465771972640883
3271	0.00458202218932842
3272	0.00461085597614799
3273	0.0049271465882393
3274	0.00478220777729179
3275	0.00474182877223534
3276	0.00408841459419156
3277	0.00413290641602109
3278	0.00489059797943715
3279	0.00501286029218118
3280	0.00403176835022876
3281	0.00448871087111268
3282	0.00482510165585113
3283	0.00419501562670482
3284	0.00474047492825956
3285	0.00454390845196215
3286	0.00469004212558979
3287	0.00412679050397022
3288	0.00437185202362095
3289	0.00457781652126443
3290	0.00506334833265181
3291	0.00552717341447729
3292	0.00494877443131683
3293	0.00493993241296017
3294	0.00497405245732331
3295	0.00515552520453211
3296	0.00495907196572649
3297	0.00544180926224407
3298	0.0051706256657277
3299	0.00472649009802348
3300	0.0048618919300321
3301	0.00536584295873878
3302	0.00453814335173226
3303	0.00510098288209551
3304	0.00521079200525079
3305	0.00449178261069562
3306	0.00473517278984824
3307	0.00535458618539333
3308	0.00501318826662386
3309	0.00440230496847862
3310	0.00484080921500194
3311	0.00512627333660718
3312	0.00507273841356401
3313	0.00504434186846198
3314	0.00543737038708952
3315	0.0056249966253156
3316	0.0057849343979996
3317	0.00524507741778029
3318	0.00556588182129359
3319	0.00560943993440842
3320	0.00527026896210478
3321	0.0054784025791413
3322	0.00582322990225436
3323	0.00553751824625395
3324	0.00606649234399246
3325	0.00598729687317176
3326	0.00579102005009267
3327	0.00570830834801013
3328	0.00638767029313417
3329	0.00610629066166724
3330	0.0056289720207972
3331	0.00632057707924853
3332	0.00627494530456528
3333	0.00582057555330428
3334	0.00651239724750591
3335	0.00613667835687262
3336	0.00636295534746033
3337	0.00659343455374948
3338	0.00710488514963347
3339	0.00649689199680079
3340	0.00717100117229804
3341	0.00634115868385389
3342	0.0071774260190121
3343	0.00748594967844626
3344	0.00801668603465075
3345	0.00899137412025344
3346	0.0107273556191254
3347	0.0119561812611312
3348	0.0128909961127917
3349	0.0129586976329594
3350	0.0132366150626385
3351	0.0121933283604582
3352	0.0119999403017467
3353	0.0115959149726741
3354	0.0110042378578924
3355	0.00991221208211171
3356	0.0085315620646614
3357	0.00886218585037054
3358	0.00808812646346512
3359	0.00795495485766675
3360	0.00795508000580936
3361	0.00802831221078954
3362	0.00745336386400238
3363	0.00736124361086798
3364	0.00712637610653571
3365	0.00763337211901553
3366	0.00747666230532007
3367	0.00705395727817338
3368	0.007735245814221
3369	0.00727021706619086
3370	0.00802651646440678
3371	0.00755057341739661
3372	0.0075404498820597
3373	0.00734035768050343
3374	0.00731339662775159
3375	0.00767920533905383
3376	0.00829022828526441
3377	0.00791029112544381
3378	0.00894524261609042
3379	0.00857668547895848
3380	0.00791134858409428
3381	0.00769418652112316
3382	0.00843213264214457
3383	0.00858818012008394
3384	0.00805385019969639
3385	0.00819952056626921
3386	0.00829988160882139
3387	0.00863632245281687
3388	0.0080902902316962
3389	0.00795938907213185
3390	0.0086258393539199
3391	0.00896634190246084
3392	0.0076282971460603
3393	0.00782041180084359
3394	0.00811518038476967
3395	0.00859610415523733
3396	0.00840227246793753
3397	0.00840904496756084
3398	0.00840946097724867
3399	0.00824722272277643
3400	0.00873874662723166
3401	0.00844080894709861
3402	0.00834460420382588
3403	0.00844646270863611
3404	0.00869742875217849
3405	0.00889163985412304
3406	0.0089895212372704
3407	0.00856833576750211
3408	0.00880659176568169
3409	0.00846380375312962
3410	0.00872125799423894
3411	0.00937751034227703
3412	0.00879383753007819
3413	0.008744460977732
3414	0.00996286083005926
3415	0.00919478317913402
3416	0.00956176983653988
3417	0.00994349083209243
3418	0.00916270227271374
3419	0.00911854362113254
3420	0.0101943120490256
3421	0.00897730298095349
3422	0.00870713075404749
3423	0.00971214352923893
3424	0.00857113235378944
3425	0.00976982957301774
3426	0.00906120126004605
3427	0.00896575189370026
3428	0.00891715229554698
3429	0.00892291135414239
3430	0.00795962952918378
3431	0.00881935981073541
3432	0.00911002215463908
3433	0.00853021667897388
3434	0.00874510432549404
3435	0.00795730246420387
3436	0.00777511835769069
3437	0.00789817626738542
3438	0.00882172122672274
3439	0.00906914721770166
3440	0.00816569811555828
3441	0.00790731087346858
3442	0.00954785336308239
3443	0.00847593380158325
3444	0.00869521095447343
3445	0.00832925016660066
3446	0.00838024846625686
3447	0.00813847882608736
3448	0.0096744321647284
3449	0.00810753271123877
3450	0.00804394399058228
3451	0.00830195147279098
3452	0.00783396871074103
3453	0.00843705087783982
3454	0.00917682157247132
3455	0.00949268081186144
3456	0.00908721671069418
3457	0.0087039733958732
3458	0.00935261104044278
3459	0.00792892887731282
3460	0.00815410007617431
3461	0.00936070113423505
3462	0.00981207078243613
3463	0.00975229933905624
3464	0.00908680001053385
3465	0.00902069589852009
3466	0.00729414314702097
3467	0.00860781077142364
3468	0.00893430380533624
3469	0.00913902441675131
3470	0.00880573385358688
3471	0.00857214976503427
3472	0.00772987911662991
3473	0.0089456384294573
3474	0.0085559668155597
3475	0.00758667684404735
3476	0.00694797717032737
3477	0.00731978073658751
3478	0.00844644233969703
3479	0.00735896522420008
3480	0.00642551664502058
3481	0.00738111212998769
3482	0.00775711549529547
3483	0.00873605551062037
3484	0.00748818387487345
3485	0.00652305814307444
3486	0.00695679433167363
3487	0.00732756460582119
3488	0.00775255544221526
3489	0.00687208077716382
3490	0.00614622051435534
3491	0.00635868632854347
3492	0.00755214527806771
3493	0.00796429884953884
3494	0.00622929972043182
3495	0.0072436387078282
3496	0.00572248823673054
3497	0.00643312686041776
3498	0.00787237676201507
3499	0.00724568129813361
3500	0.00775564306266594
3501	0.00844087074438833
3502	0.00720923470664495
3503	0.0072478799352265
3504	0.00602404968921901
3505	0.0078484085623618
3506	0.00733979736206082
3507	0.00585126429452442
3508	0.00679215841140725
3509	0.0075587788200982
3510	0.00643609658268721
3511	0.00851958374754204
3512	0.00708020507282144
3513	0.0071298043025524
3514	0.00659778573889514
3515	0.00628613372113216
3516	0.0058117794513696
3517	0.0063849506945318
3518	0.00663001941235845
3519	0.00740099773830205
3520	0.00752620025561568
3521	0.0084318290068579
3522	0.00817720967326026
3523	0.0065862688300312
3524	0.00770277064799699
3525	0.00879499855960529
3526	0.00543300591034803
3527	0.00618574281564388
3528	0.00622545620519981
3529	0.00710520587411479
3530	0.00931026177207643
3531	0.00627087255245965
3532	0.006856040755499
3533	0.00693095857649646
3534	0.00810021163120554
3535	0.00792247054268198
3536	0.0078387414293546
3537	0.0088263351366588
3538	0.00679544488794107
3539	0.00743515075272758
3540	0.00770958198669904
3541	0.00653100686262009
3542	0.00648781280113664
3543	0.0068120781981109
3544	0.00652616423366479
3545	0.00640148129691562
3546	0.00691708301353523
3547	0.00716913171797473
3548	0.00792431030668731
3549	0.00643366214923185
3550	0.0069462012750293
3551	0.0072491804402008
3552	0.00768805477998998
3553	0.00487809921866269
3554	0.00531214145920235
3555	0.00818070691652804
3556	0.00637008999991562
3557	0.00728164714813655
3558	0.00847253270661261
3559	0.00763033317687686
3560	0.00953974600747735
3561	0.00967311249914191
3562	0.00647613639312268
3563	0.0113081041076223
3564	0.0102919925046723
3565	0.00834838574915004
3566	0.0117193027556109
3567	0.010334631426257
3568	0.00593636037080528
3569	0.0110893839934303
3570	0.0114978388762786
3571	0.0119338651895784
3572	0.0100663800938764
3573	0.00846470982568207
3574	0.0108157968621035
3575	0.010860518076163
3576	0.00883360822885253
3577	0.00769135765524594
3578	0.010302356324443
3579	0.00852633294371811
3580	0.00761104672608385
3581	0.00996344220791345
3582	0.00773698148949531
3583	0.00895697754164968
3584	0.00880619336304289
3585	0.0119974677196851
3586	0.0131279990759821
3587	0.0110472639619376
3588	0.012720486515493
3589	0.0099313851227948
3590	0.0107487756299771
3591	0.00923587319825859
3592	0.0112903888270279
3593	0.01188589115952
3594	0.00864344398629445
3595	0.00986450992560448
3596	0.0131605486406191
3597	0.010040711605665
3598	0.0105095476191203
3599	0.0124622164811121
3600	0.0112037894194727