150	0.12901
151	0.12669
152	0.12407
153	0.12238
154	0.12063
155	0.1186
156	0.11676
157	0.11487
158	0.11292
159	0.11088
160	0.10874
161	0.10729
162	0.10579
163	0.10379
164	0.1023
165	0.10084
166	0.09941
167	0.09818
168	0.09614
169	0.09429
170	0.09314
171	0.0922
172	0.09097
173	0.08986
174	0.0883
175	0.08714
176	0.08531
177	0.08454
178	0.08327
179	0.08178
180	0.08141
181	0.08001
182	0.07878
183	0.07816
184	0.07697
185	0.07587
186	0.07475
187	0.07401
188	0.07341
189	0.0724
190	0.07132
191	0.07026
192	0.06977
193	0.069
194	0.06848
195	0.06753
196	0.06636
197	0.06574
198	0.06514
199	0.06445
200	0.06374
201	0.06304
202	0.06217
203	0.06183
204	0.06099
205	0.06022
206	0.05963
207	0.05902
208	0.05846
209	0.05813
210	0.05788
211	0.05723
212	0.05642
213	0.05601
214	0.0554
215	0.05487
216	0.05436
217	0.05379
218	0.05345
219	0.05297
220	0.05231
221	0.05184
222	0.05115
223	0.05063
224	0.05033
225	0.04985
226	0.04964
227	0.04926
228	0.04852
229	0.04819
230	0.0477
231	0.04711
232	0.04676
233	0.04679
234	0.04639
235	0.04582
236	0.04535
237	0.04497
238	0.04453
239	0.04409
240	0.04349
241	0.04339
242	0.04315
243	0.04259
244	0.04237
245	0.04189
246	0.04143
247	0.04132
248	0.04109
249	0.04061
250	0.04049
251	0.03981
252	0.03939
253	0.03933
254	0.03901
255	0.03829
256	0.03814
257	0.03781
258	0.03767
259	0.03739
260	0.03684
261	0.03654
262	0.03631
263	0.03562
264	0.03536
265	0.03514
266	0.03492
267	0.03465
268	0.03411
269	0.03381
270	0.03345
271	0.03313
272	0.03296
273	0.03264
274	0.03226
275	0.03183
276	0.03147
277	0.03127
278	0.03098
279	0.03051
280	0.03022
281	0.02963
282	0.02943
283	0.02918
284	0.0289
285	0.0287
286	0.02822
287	0.02772
288	0.02748
289	0.02711
290	0.02654
291	0.02666
292	0.02609
293	0.02565
294	0.02527
295	0.02509
296	0.02501
297	0.02462
298	0.02416
299	0.02378
300	0.02345
301	0.02319
302	0.02285
303	0.02261
304	0.02225
305	0.02169
306	0.02155
307	0.02125
308	0.02106
309	0.02073
310	0.0204
311	0.0202
312	0.02
313	0.01963
314	0.01956
315	0.0191
316	0.01877
317	0.01865
318	0.01848
319	0.01832
320	0.01805
321	0.01779
322	0.01777
323	0.01746
324	0.01704
325	0.01702
326	0.01692
327	0.0166
328	0.01651
329	0.01622
330	0.01611
331	0.01613
332	0.01588
333	0.01581
334	0.01553
335	0.01546
336	0.01541
337	0.0153
338	0.01521
339	0.01506
340	0.01486
341	0.01455
342	0.01459
343	0.01448
344	0.01449
345	0.0145
346	0.01426
347	0.01404
348	0.01384
349	0.01396
350	0.0139
351	0.01359
352	0.0137
353	0.01347
354	0.01353
355	0.01341
356	0.01336
357	0.01333
358	0.01325
359	0.01315
360	0.013
361	0.01294
362	0.01297
363	0.01293
364	0.01286
365	0.01297
366	0.0127
367	0.01272
368	0.01262
369	0.01269
370	0.01262
371	0.01252
372	0.01238
373	0.01236
374	0.01238
375	0.01231
376	0.01211
377	0.0122
378	0.01207
379	0.01227
380	0.01226
381	0.01219
382	0.01201
383	0.01193
384	0.0119
385	0.01187
386	0.01183
387	0.01184
388	0.01195
389	0.01207
390	0.01167
391	0.0118
392	0.01196
393	0.01195
394	0.012
395	0.01179
396	0.01173
397	0.0118
398	0.01179
399	0.01165
400	0.01167
401	0.01164
402	0.01147
403	0.01156
404	0.01156
405	0.01135
406	0.01141
407	0.01144
408	0.0115
409	0.01147
410	0.01149
411	0.0115
412	0.01152
413	0.01148
414	0.01165
415	0.01162
416	0.01151
417	0.01142
418	0.01137
419	0.01144
420	0.01143
421	0.01138
422	0.01145
423	0.01141
424	0.01158
425	0.01145
426	0.01134
427	0.01139
428	0.01136
429	0.01119
430	0.01133
431	0.01154
432	0.01149
433	0.01144
434	0.01145
435	0.01143
436	0.01149
437	0.01147
438	0.01151
439	0.01136
440	0.01148
441	0.01122
442	0.01116
443	0.01112
444	0.01123
445	0.01115
446	0.01104
447	0.01096
448	0.01095
449	0.01102
450	0.01091
451	0.01089
452	0.01091
453	0.01086
454	0.01073
455	0.01083
456	0.01064
457	0.01063
458	0.01069
459	0.01063
460	0.01053
461	0.01045
462	0.01054
463	0.0106
464	0.01041
465	0.01036
466	0.01032
467	0.01038
468	0.01025
469	0.01026
470	0.01031
471	0.01015
472	0.01039
473	0.01004
474	0.01012
475	0.01019
476	0.01005
477	0.01012
478	0.01005
479	0.01003
480	0.01012
481	0.01019
482	0.01015
483	0.01023
484	0.01031
485	0.01033
486	0.01045
487	0.01044
488	0.01036
489	0.01034
490	0.01042
491	0.01029
492	0.01022
493	0.01023
494	0.0102
495	0.01016
496	0.01003
497	0.00984
498	0.00977
499	0.00978
500	0.00976
501	0.00949
502	0.00928
503	0.00927
504	0.00919
505	0.00908
506	0.00902
507	0.00893
508	0.00885
509	0.00884
510	0.00873
511	0.00861
512	0.00869
513	0.0087
514	0.00851
515	0.00856
516	0.00847
517	0.00845
518	0.00831
519	0.00835
520	0.00832
521	0.0083
522	0.00824
523	0.00823
524	0.00814
525	0.00804
526	0.00805
527	0.00806
528	0.00804
529	0.00808
530	0.00802
531	0.00798
532	0.00801
533	0.00805
534	0.00816
535	0.00809
536	0.00796
537	0.00803
538	0.008
539	0.00799
540	0.00812
541	0.00804
542	0.00791
543	0.00802
544	0.00808
545	0.00827
546	0.00831
547	0.00822
548	0.00825
549	0.00839
550	0.00837
551	0.0084
552	0.00834
553	0.00855
554	0.00851
555	0.00857
556	0.00851
557	0.00843
558	0.00868
559	0.0086
560	0.00882
561	0.00873
562	0.00885
563	0.00904
564	0.00905
565	0.00915
566	0.00921
567	0.00932
568	0.00933
569	0.00934
570	0.00943
571	0.00959
572	0.00967
573	0.00982
574	0.00981
575	0.00972
576	0.00986
577	0.00991
578	0.00985
579	0.00986
580	0.01002
581	0.01011
582	0.01013
583	0.01009
584	0.01002
585	0.01011
586	0.01003
587	0.00988
588	0.00988
589	0.00981
590	0.00969
591	0.00952
592	0.00949
593	0.00947
594	0.0094
595	0.00919
596	0.00918
597	0.00915
598	0.00912
599	0.00913
600	0.00909
601	0.00897
602	0.00893
603	0.00895
604	0.00894
605	0.00888
606	0.00891
607	0.00894
608	0.00874
609	0.00875
610	0.00881
611	0.00884
612	0.00875
613	0.00877
614	0.00872
615	0.00878
616	0.00876
617	0.00861
618	0.00855
619	0.00855
620	0.00858
621	0.00864
622	0.00867
623	0.00848
624	0.00843
625	0.00845
626	0.00848
627	0.00836
628	0.00837
629	0.00843
630	0.00849
631	0.00836
632	0.00831
633	0.00836
634	0.00842
635	0.0083
636	0.00837
637	0.00832
638	0.00843
639	0.00839
640	0.00829
641	0.00817
642	0.00814
643	0.00817
644	0.00817
645	0.0082
646	0.00825
647	0.00825
648	0.00821
649	0.00829
650	0.00817
651	0.00813
652	0.0081
653	0.00801
654	0.00805
655	0.00814
656	0.00809
657	0.00807
658	0.00806
659	0.00787
660	0.00795
661	0.00797
662	0.00803
663	0.00796
664	0.00793
665	0.00792
666	0.00798
667	0.00788
668	0.00783
669	0.00784
670	0.00787
671	0.00783
672	0.00784
673	0.00782
674	0.0078
675	0.00781
676	0.00776
677	0.00777
678	0.00777
679	0.00778
680	0.00761
681	0.00766
682	0.00756
683	0.00763
684	0.00759
685	0.00754
686	0.00754
687	0.00749
688	0.00744
689	0.00762
690	0.00751
691	0.00744
692	0.00735
693	0.00741
694	0.00743
695	0.00744
696	0.00749
697	0.00727
698	0.00731
699	0.00735
700	0.00716
701	0.00724
702	0.00723
703	0.00731
704	0.00728
705	0.00708
706	0.00708
707	0.0071
708	0.00704
709	0.00707
710	0.00709
711	0.00701
712	0.00702
713	0.00696
714	0.00703
715	0.00696
716	0.00684
717	0.00682
718	0.00685
719	0.00681
720	0.0068
721	0.00674
722	0.00674
723	0.00676
724	0.00673
725	0.00667
726	0.00663
727	0.00653
728	0.00657
729	0.00662
730	0.00657
731	0.00654
732	0.00644
733	0.00643
734	0.00633
735	0.00646
736	0.00649
737	0.00643
738	0.00633
739	0.00634
740	0.00632
741	0.00628
742	0.0062
743	0.0062
744	0.00625
745	0.00615
746	0.00611
747	0.00611
748	0.00611
749	0.00606
750	0.006
751	0.00605
752	0.00597
753	0.00606
754	0.006
755	0.00584
756	0.00582
757	0.00585
758	0.00595
759	0.00592
760	0.00578
761	0.00574
762	0.00585
763	0.0058
764	0.00576
765	0.00581
766	0.00578
767	0.00573
768	0.00575
769	0.00575
770	0.00574
771	0.00578
772	0.0058
773	0.00576
774	0.00586
775	0.00587
776	0.00574
777	0.00581
778	0.00582
779	0.00571
780	0.00576
781	0.00575
782	0.00567
783	0.00575
784	0.00591
785	0.00571
786	0.00566
787	0.00571
788	0.00569
789	0.00566
790	0.00567
791	0.00564
792	0.00563
793	0.00554
794	0.00551
795	0.00555
796	0.0055
797	0.00549
798	0.00572
799	0.00541
800	0.00542
801	0.00552
802	0.00548
803	0.00534
804	0.00543
805	0.00546
806	0.00546
807	0.00529
808	0.0053
809	0.00533
810	0.00532
811	0.00522
812	0.00523
813	0.00517
814	0.00516
815	0.00522
816	0.00575
817	0.00556
818	0.00515
819	0.00521
820	0.00519
821	0.00511
822	0.00507
823	0.00513
824	0.00506
825	0.00502
826	0.00496
827	0.00508
828	0.00501
829	0.00496
830	0.00502
831	0.00502
832	0.00497
833	0.00494
834	0.00488
835	0.00486
836	0.00492
837	0.00489
838	0.00478
839	0.00477
840	0.00492
841	0.0049
842	0.00491
843	0.00482
844	0.00493
845	0.00479
846	0.0047
847	0.00475
848	0.00472
849	0.00469
850	0.0047
851	0.00484
852	0.00464
853	0.0047
854	0.00471
855	0.00468
856	0.00469
857	0.00479
858	0.00469
859	0.00461
860	0.00466
861	0.00476
862	0.00471
863	0.00477
864	0.00471
865	0.00492
866	0.00497
867	0.00515
868	0.00516
869	0.00531
870	0.00539
871	0.00554
872	0.00574
873	0.00586
874	0.00613
875	0.00638
876	0.00672
877	0.0072
878	0.00788
879	0.00831
880	0.00882
881	0.00906
882	0.00927
883	0.00893
884	0.00872
885	0.00834
886	0.00793
887	0.00748
888	0.00709
889	0.00678
890	0.00655
891	0.00648
892	0.00628
893	0.00605
894	0.00595
895	0.00597
896	0.00591
897	0.00582
898	0.00582
899	0.00586
900	0.00582
901	0.00578
902	0.00585
903	0.00586
904	0.006
905	0.0059
906	0.00604
907	0.00606
908	0.00622
909	0.00609
910	0.00621
911	0.00633
912	0.00631
913	0.00648
914	0.00632
915	0.0066
916	0.00661
917	0.00666
918	0.00674
919	0.00693
920	0.007
921	0.00693
922	0.00696
923	0.0072
924	0.00717
925	0.00719
926	0.00742
927	0.0075
928	0.00751
929	0.00758
930	0.00754
931	0.0077
932	0.00784
933	0.0079
934	0.00798
935	0.00805
936	0.00823
937	0.00828
938	0.00839
939	0.00849
940	0.00862
941	0.00869
942	0.0088
943	0.00903
944	0.00931
945	0.00945
946	0.00954
947	0.00956
948	0.00985
949	0.01003
950	0.01023
951	0.01037
952	0.01042
953	0.0106
954	0.01084
955	0.01118
956	0.0114
957	0.01141
958	0.01154
959	0.01186
960	0.01234
961	0.01257
962	0.01287
963	0.0131
964	0.01351
965	0.0138
966	0.01392
967	0.01442
968	0.01492
969	0.01527
970	0.01563
971	0.01611
972	0.01661
973	0.01708
974	0.0175
975	0.01785
976	0.01853
977	0.01909
978	0.01961
979	0.02014
980	0.02083
981	0.02146
982	0.02207
983	0.02276
984	0.02359
985	0.02431
986	0.02522
987	0.02609
988	0.02705
989	0.02794
990	0.02904
991	0.0302
992	0.03156
993	0.0329
994	0.0342
995	0.03608
996	0.03805
997	0.03991
998	0.04207
999	0.04461
1000	0.04749
1001	0.05074
1002	0.0542
1003	0.0581
1004	0.06253
1005	0.06702
1006	0.0719
1007	0.07743
1008	0.08352
1009	0.08996
1010	0.09669
1011	0.10371
1012	0.111
1013	0.11915
1014	0.12785
1015	0.13735
1016	0.14763
1017	0.15955
1018	0.17248
1019	0.18858
1020	0.20594
1021	0.22529
1022	0.24597
1023	0.26767
1024	0.29069
1025	0.31291
1026	0.33533
1027	0.3552
1028	0.37487
1029	0.39242
1030	0.40899
1031	0.42419
1032	0.43752
1033	0.44592
1034	0.4532
1035	0.45617
1036	0.4548
1037	0.44947
1038	0.43919
1039	0.42396
1040	0.40352
1041	0.37836
1042	0.35065
1043	0.32039
1044	0.28991
1045	0.26018
1046	0.23118
1047	0.20518
1048	0.18088
1049	0.16044
1050	0.14317
1051	0.12798
1052	0.11524
1053	0.10451
1054	0.09551
1055	0.08792
1056	0.08194
1057	0.0766
1058	0.07209
1059	0.06809
1060	0.06429
1061	0.0615
1062	0.05887
1063	0.05654
1064	0.05422
1065	0.05257
1066	0.05125
1067	0.04978
1068	0.04875
1069	0.04761
1070	0.04661
1071	0.04597
1072	0.04492
1073	0.0444
1074	0.04403
1075	0.04354
1076	0.04341
1077	0.043
1078	0.04273
1079	0.04267
1080	0.04273
1081	0.04281
1082	0.04297
1083	0.0431
1084	0.04346
1085	0.04383
1086	0.0443
1087	0.0446
1088	0.04509
1089	0.04532
1090	0.04616
1091	0.04685
1092	0.04777
1093	0.04856
1094	0.04919
1095	0.0498
1096	0.0507
1097	0.05145
1098	0.05217
1099	0.05299
1100	0.05403
1101	0.05469
1102	0.05553
1103	0.05622
1104	0.05693
1105	0.05755
1106	0.058
1107	0.05832
1108	0.05864
1109	0.05865
1110	0.05878
1111	0.05876
1112	0.05854
1113	0.05795
1114	0.05737
1115	0.0568
1116	0.05597
1117	0.05511
1118	0.0544
1119	0.05334
1120	0.05238
1121	0.05138
1122	0.05031
1123	0.04905
1124	0.04807
1125	0.04684
1126	0.0457
1127	0.04448
1128	0.04325
1129	0.04233
1130	0.04116
1131	0.04034
1132	0.03935
1133	0.03824
1134	0.03748
1135	0.03668
1136	0.03608
1137	0.03555
1138	0.03493
1139	0.03443
1140	0.03424
1141	0.03395
1142	0.03355
1143	0.03359
1144	0.03339
1145	0.03337
1146	0.03341
1147	0.03355
1148	0.03371
1149	0.03374
1150	0.03383
1151	0.03412
1152	0.03427
1153	0.03468
1154	0.03489
1155	0.0351
1156	0.03531
1157	0.03546
1158	0.03509
1159	0.03507
1160	0.03426
1161	0.03363
1162	0.03313
1163	0.03244
1164	0.0318
1165	0.03082
1166	0.02984
1167	0.02892
1168	0.02802
1169	0.02693
1170	0.02616
1171	0.02543
1172	0.02448
1173	0.02368
1174	0.02303
1175	0.02249
1176	0.02183
1177	0.02093
1178	0.02025
1179	0.01979
1180	0.01935
1181	0.01888
1182	0.01854
1183	0.01812
1184	0.0176
1185	0.01703
1186	0.01684
1187	0.01632
1188	0.01608
1189	0.01576
1190	0.01554
1191	0.01531
1192	0.01483
1193	0.01457
1194	0.01429
1195	0.01403
1196	0.01384
1197	0.0135
1198	0.01336
1199	0.01317
1200	0.01293
1201	0.01274
1202	0.01253
1203	0.01233
1204	0.01222
1205	0.01202
1206	0.01181
1207	0.01163
1208	0.01158
1209	0.0114
1210	0.01113
1211	0.01099
1212	0.01086
1213	0.01074
1214	0.01071
1215	0.01054
1216	0.01043
1217	0.01012
1218	0.00996
1219	0.00992
1220	0.00979
1221	0.00969
1222	0.00953
1223	0.00945
1224	0.00937
1225	0.00936
1226	0.00918
1227	0.00912
1228	0.00916
1229	0.00909
1230	0.0089
1231	0.00894
1232	0.00876
1233	0.00875
1234	0.00862
1235	0.00853
1236	0.00852
1237	0.00832
1238	0.00831
1239	0.00834
1240	0.00825
1241	0.00816
1242	0.00808
1243	0.00813
1244	0.00802
1245	0.00793
1246	0.00789
1247	0.00789
1248	0.00791
1249	0.00794
1250	0.0079
1251	0.00779
1252	0.00786
1253	0.00788
1254	0.00787
1255	0.00779
1256	0.0078
1257	0.00778
1258	0.00786
1259	0.00781
1260	0.00773
1261	0.00778
1262	0.00772
1263	0.00764
1264	0.00783
1265	0.00788
1266	0.00794
1267	0.00796
1268	0.00802
1269	0.00797
1270	0.00806
1271	0.00797
1272	0.00814
1273	0.00822
1274	0.00816
1275	0.00813
1276	0.00825
1277	0.00856
1278	0.00883
1279	0.00852
1280	0.00855
1281	0.00857
1282	0.00842
1283	0.00856
1284	0.00841
1285	0.00836
1286	0.00843
1287	0.0086
1288	0.00861
1289	0.00871
1290	0.00875
1291	0.0087
1292	0.00865
1293	0.00889
1294	0.00898
1295	0.00889
1296	0.009
1297	0.0093
1298	0.00929
1299	0.00921
1300	0.00937
1301	0.00937
1302	0.0094
1303	0.00965
1304	0.00979
1305	0.00974
1306	0.00982
1307	0.01019
1308	0.01009
1309	0.01015
1310	0.01037
1311	0.01036
1312	0.01056
1313	0.01074
1314	0.01083
1315	0.01092
1316	0.01103
1317	0.0112
1318	0.01125
1319	0.01144
1320	0.01163
1321	0.01173
1322	0.01184
1323	0.01205
1324	0.01215
1325	0.0123
1326	0.01253
1327	0.01267
1328	0.01286
1329	0.01309
1330	0.0133
1331	0.0135
1332	0.0137
1333	0.01385
1334	0.01404
1335	0.01412
1336	0.01436
1337	0.01471
1338	0.01478
1339	0.01499
1340	0.01528
1341	0.01556
1342	0.01577
1343	0.01598
1344	0.0163
1345	0.01659
1346	0.01695
1347	0.01707
1348	0.01721
1349	0.01765
1350	0.01789
1351	0.01819
1352	0.01859
1353	0.0188
1354	0.01894
1355	0.01926
1356	0.01959
1357	0.0198
1358	0.02028
1359	0.02052
1360	0.02081
1361	0.02119
1362	0.02154
1363	0.02183
1364	0.02207
1365	0.02255
1366	0.02298
1367	0.02324
1368	0.02364
1369	0.02406
1370	0.02434
1371	0.02475
1372	0.02506
1373	0.0254
1374	0.02559
1375	0.02618
1376	0.02674
1377	0.02711
1378	0.02757
1379	0.02781
1380	0.02845
1381	0.02881
1382	0.02912
1383	0.02957
1384	0.02989
1385	0.03059
1386	0.0311
1387	0.03153
1388	0.03196
1389	0.03228
1390	0.03293
1391	0.0334
1392	0.03399
1393	0.03477
1394	0.03499
1395	0.03529
1396	0.03591
1397	0.03652
1398	0.03689
1399	0.03752
1400	0.03813
1401	0.0385
1402	0.03888
1403	0.03941
1404	0.0398
1405	0.04048
1406	0.04105
1407	0.04126
1408	0.04156
1409	0.0422
1410	0.04258
1411	0.04303
1412	0.04376
1413	0.04389
1414	0.04457
1415	0.04504
1416	0.04579
1417	0.04617
1418	0.04673
1419	0.04743
1420	0.04772
1421	0.04858
1422	0.04921
1423	0.04992
1424	0.05089
1425	0.0518
1426	0.05269
1427	0.05367
1428	0.05505
1429	0.05638
1430	0.05778
1431	0.0593
1432	0.06105
1433	0.063
1434	0.06514
1435	0.06761
1436	0.07063
1437	0.0737
1438	0.07756
1439	0.08203
1440	0.08673
1441	0.09268
1442	0.09968
1443	0.10764
1444	0.1172
1445	0.12656
1446	0.13672
1447	0.14718
1448	0.15681
1449	0.16483
1450	0.17055
1451	0.17273
1452	0.17168
1453	0.16937
1454	0.16641
1455	0.16304
1456	0.16031
1457	0.15817
1458	0.15633
1459	0.15549
1460	0.15419
1461	0.15361
1462	0.1528
1463	0.15183
1464	0.15111
1465	0.15102
1466	0.14993
1467	0.14854
1468	0.1476
1469	0.14602
1470	0.14447
1471	0.14303
1472	0.14127
1473	0.13974
1474	0.13747
1475	0.13546
1476	0.13357
1477	0.13066
1478	0.12812
1479	0.12572
1480	0.12289
1481	0.11993
1482	0.11691
1483	0.11413
1484	0.11096
1485	0.10757
1486	0.1045
1487	0.10145
1488	0.09893
1489	0.09578
1490	0.09301
1491	0.09052
1492	0.08797
1493	0.08533
1494	0.083
1495	0.08092
1496	0.07881
1497	0.0766
1498	0.07452
1499	0.07291
1500	0.07122
1501	0.06959
1502	0.06814
1503	0.06638
1504	0.06514
1505	0.06378
1506	0.06247
1507	0.06147
1508	0.06025
1509	0.05898
1510	0.05817
1511	0.05748
1512	0.05654
1513	0.05516
1514	0.0544
1515	0.05385
1516	0.05311
1517	0.05214
1518	0.05154
1519	0.05092
1520	0.0502
1521	0.04984
1522	0.04932
1523	0.04878
1524	0.04844
1525	0.04803
1526	0.04722
1527	0.0468
1528	0.04652
1529	0.04618
1530	0.04562
1531	0.04505
1532	0.04472
1533	0.04448
1534	0.0442
1535	0.04348
1536	0.04329
1537	0.0431
1538	0.04269
1539	0.04226
1540	0.04195
1541	0.04166
1542	0.04148
1543	0.04108
1544	0.04082
1545	0.0403
1546	0.04014
1547	0.03997
1548	0.03958
1549	0.03924
1550	0.03899
1551	0.03824
1552	0.03795
1553	0.03773
1554	0.03737
1555	0.03699
1556	0.03672
1557	0.03638
1558	0.036
1559	0.03569
1560	0.03496
1561	0.03449
1562	0.03422
1563	0.03405
1564	0.03357
1565	0.0332
1566	0.03262
1567	0.03229
1568	0.03203
1569	0.03155
1570	0.03119
1571	0.03087
1572	0.0306
1573	0.03007
1574	0.02959
1575	0.02926
1576	0.02895
1577	0.02854
1578	0.02797
1579	0.0275
1580	0.02708
1581	0.02687
1582	0.02651
1583	0.02599
1584	0.02538
1585	0.02514
1586	0.02478
1587	0.02431
1588	0.02399
1589	0.02354
1590	0.02321
1591	0.02261
1592	0.02214
1593	0.02176
1594	0.02132
1595	0.02104
1596	0.0208
1597	0.02038
1598	0.01989
1599	0.01958
1600	0.0194
1601	0.01897
1602	0.01866
1603	0.01836
1604	0.01815
1605	0.0178
1606	0.01751
1607	0.01711
1608	0.01683
1609	0.01652
1610	0.0163
1611	0.01593
1612	0.01564
1613	0.01532
1614	0.01502
1615	0.01478
1616	0.0145
1617	0.01427
1618	0.01398
1619	0.01378
1620	0.01338
1621	0.01311
1622	0.01299
1623	0.01281
1624	0.01243
1625	0.0122
1626	0.01201
1627	0.0118
1628	0.01157
1629	0.01143
1630	0.01118
1631	0.01097
1632	0.01068
1633	0.01045
1634	0.01039
1635	0.01014
1636	0.00992
1637	0.00967
1638	0.00958
1639	0.0093
1640	0.00922
1641	0.009
1642	0.00889
1643	0.00868
1644	0.00847
1645	0.0083
1646	0.00814
1647	0.00799
1648	0.00782
1649	0.00766
1650	0.00752
1651	0.00739
1652	0.00722
1653	0.00714
1654	0.00699
1655	0.0069
1656	0.00678
1657	0.00659
1658	0.00658
1659	0.00639
1660	0.00625
1661	0.00616
1662	0.0061
1663	0.006
1664	0.00589
1665	0.00572
1666	0.0056
1667	0.00543
1668	0.00537
1669	0.0053
1670	0.00509
1671	0.0045
1672	0.00429
1673	0.00478
1674	0.00478
1675	0.00467
1676	0.00456
1677	0.00462
1678	0.00443
1679	0.0043
1680	0.00436
1681	0.0042
1682	0.00405
1683	0.00406
1684	0.00393
1685	0.00388
1686	0.00389
1687	0.00382
1688	0.00379
1689	0.00371
1690	0.0036
1691	0.00361
1692	0.00352
1693	0.00345
1694	0.00346
1695	0.00336
1696	0.00323
1697	0.00317
1698	0.00314
1699	0.00304
1700	0.00304
1701	0.00305
1702	0.00296
1703	0.00285
1704	0.00284
1705	0.00285
1706	0.00275
1707	0.00273
1708	0.00272
1709	0.00261
1710	0.00254
1711	0.00251
1712	0.00245
1713	0.00237
1714	0.00241
1715	0.00231
1716	0.00231
1717	0.00234
1718	0.00228
1719	0.00216
1720	0.00222
1721	0.00219
1722	0.00215
1723	0.00208
1724	0.00207
1725	0.00205
1726	0.00199
1727	0.00193
1728	0.0019
1729	0.00182
1730	0.00194
1731	0.00189
1732	0.0018
1733	0.00177
1734	0.0017
1735	0.00165
1736	0.00163
1737	0.00166
1738	0.0017
1739	0.00164
1740	0.00163
1741	0.00156
1742	0.00154
1743	0.00144
1744	0.00142
1745	0.00142
1746	0.00144
1747	0.00152
1748	0.00144
1749	0.00139
1750	0.00133
1751	0.00124
1752	0.00121
1753	0.00136
1754	0.00131
1755	0.00117
1756	0.00118
1757	0.00116
1758	0.00111
1759	0.00102
1760	0.00108
1761	0.00101
1762	0.00107
1763	0.00104
1764	0.00103
1765	0.00101
1766	0.00114
1767	9.79775E-4
1768	9.91116E-4
1769	0.00103
1770	9.37325E-4
1771	9.04173E-4
1772	0.00103
1773	9.7145E-4
1774	8.26162E-4
1775	7.6176E-4
1776	9.14619E-4
1777	9.48014E-4
1778	8.15791E-4
1779	8.04232E-4
1780	7.92145E-4
1781	8.4897E-4
1782	7.89833E-4
1783	7.97695E-4
1784	7.73176E-4
1785	6.8521E-4
1786	7.25352E-4
1787	6.2222E-4
1788	7.0878E-4
1789	7.15309E-4
1790	5.99874E-4
1791	6.2347E-4
1792	7.64441E-4
1793	6.11474E-4
1794	6.07231E-4
1795	5.59051E-4
1796	6.68038E-4
1797	5.89691E-4
1798	5.14047E-4
1799	5.11463E-4
1800	4.95704E-4
1801	5.07837E-4
1802	5.43883E-4
1803	5.76089E-4
1804	5.33007E-4
1805	4.15074E-4
1806	5.24905E-4
1807	5.4776E-4
1808	4.44944E-4
1809	4.91122E-4
1810	4.42984E-4
1811	4.24503E-4
1812	4.22591E-4
1813	4.61507E-4
1814	4.27521E-4
1815	4.07381E-4
1816	4.21091E-4
1817	3.70727E-4
1818	3.903E-4
1819	4.30436E-4
1820	3.38416E-4
1821	3.64259E-4
1822	3.61304E-4
1823	2.98896E-4
1824	2.65406E-4
1825	3.0369E-4
1826	3.06942E-4
1827	3.19701E-4
1828	2.85494E-4
1829	2.27756E-4
1830	2.95727E-4
1831	2.63389E-4
1832	2.42239E-4
1833	1.83202E-4
1834	3.12279E-4
1835	2.43364E-4
1836	1.91031E-4
1837	1.69518E-4
1838	1.38928E-4
1839	1.64878E-4
1840	1.54898E-4
1841	1.89095E-4
1842	2.27386E-4
1843	1.09733E-4
1844	1.41588E-4
1845	2.13415E-4
1846	1.23778E-4
1847	6.53251E-5
1848	7.20811E-5
1849	1.73662E-4
1850	8.92756E-5
1851	8.28784E-5
1852	9.54726E-5
1853	1.1996E-4
1854	7.30379E-5
1855	1.32502E-4
1856	1.26922E-4
1857	1.55674E-4
1858	8.27093E-5
1859	1.40239E-4
1860	1.48023E-4
1861	1.2886E-4
1862	1.19495E-4
1863	9.77323E-5
1864	9.51831E-5
1865	8.33933E-5
1866	6.01137E-5
1867	5.04371E-5
1868	4.92812E-5
1869	5.53852E-5
1870	9.07409E-5
1871	1.76468E-4
1872	6.75822E-5
1873	4.98649E-5
1874	7.72042E-5
1875	8.98998E-5
1876	6.97153E-5
1877	9.31399E-5
1878	1.19764E-4
1879	1.44834E-4
1880	1.03475E-4
1881	1.34694E-4
1882	1.29402E-4
1883	7.96048E-5
1884	7.85713E-5
1885	1.31196E-4
1886	1.48079E-4
1887	1.66375E-4
1888	1.04558E-4
1889	2.28351E-4
1890	2.64779E-4
1891	2.05146E-4
1892	1.92733E-4
1893	2.56148E-4
1894	2.58053E-4
1895	2.92546E-4
1896	2.12878E-4
1897	2.82038E-4
1898	1.92455E-4
1899	2.46138E-4
1900	2.90841E-4
1901	2.60815E-4
1902	2.59722E-4
1903	2.37858E-4
1904	2.12814E-4
1905	2.64531E-4
1906	3.0656E-4
1907	3.57514E-4
1908	3.02988E-4
1909	3.28705E-4
1910	3.37762E-4
1911	3.29391E-4
1912	3.28597E-4
1913	2.79704E-4
1914	2.70053E-4
1915	3.74592E-4
1916	3.2632E-4
1917	2.99135E-4
1918	3.69893E-4
1919	3.53285E-4
1920	2.30161E-4
1921	2.78819E-4
1922	3.95029E-4
1923	2.81412E-4
1924	2.8546E-4
1925	4.10027E-4
1926	3.43284E-4
1927	2.72445E-4
1928	2.65645E-4
1929	3.1088E-4
1930	3.05794E-4
1931	2.85414E-4
1932	3.10001E-4
1933	3.53126E-4
1934	2.96759E-4
1935	3.28006E-4
1936	3.28609E-4
1937	3.03179E-4
1938	2.69218E-4
1939	3.00455E-4
1940	3.75945E-4
1941	3.43486E-4
1942	2.6712E-4
1943	3.11693E-4
1944	2.88203E-4
1945	2.93726E-4
1946	3.3264E-4
1947	2.48152E-4
1948	3.20456E-4
1949	2.61483E-4
1950	2.71228E-4
1951	3.13677E-4
1952	2.89807E-4
1953	2.43127E-4
1954	2.56991E-4
1955	2.85485E-4
1956	1.98581E-4
1957	2.62248E-4
1958	2.65381E-4
1959	2.31241E-4
1960	2.40714E-4
1961	3.16708E-4
1962	2.89042E-4
1963	3.10861E-4
1964	2.95196E-4
1965	2.6437E-4
1966	2.00844E-4
1967	2.08522E-4
1968	2.73288E-4
1969	2.66305E-4
1970	2.25817E-4
1971	2.75232E-4
1972	2.22055E-4
1973	2.29315E-4
1974	2.18155E-4
1975	2.51295E-4
1976	2.52232E-4
1977	2.1576E-4
1978	2.3244E-4
1979	2.30523E-4
1980	2.58255E-4
1981	2.37908E-4
1982	2.23997E-4
1983	1.9479E-4
1984	2.08144E-4
1985	2.6951E-4
1986	2.74458E-4
1987	2.0779E-4
1988	2.49544E-4
1989	3.57747E-4
1990	3.20704E-4
1991	2.5845E-4
1992	2.38313E-4
1993	2.12351E-4
1994	1.98363E-4
1995	2.84223E-4
1996	2.33041E-4
1997	2.87808E-4
1998	3.03306E-4
1999	3.19682E-4
2000	3.33558E-4
2001	3.25294E-4
2002	3.86369E-4
2003	3.30028E-4
2004	3.5302E-4
2005	3.6468E-4
2006	4.43475E-4
2007	4.01868E-4
2008	4.17835E-4
2009	4.65712E-4
2010	4.50227E-4
2011	4.13142E-4
2012	4.46773E-4
2013	4.21103E-4
2014	4.62918E-4
2015	4.97562E-4
2016	4.60899E-4
2017	5.59378E-4
2018	5.95097E-4
2019	5.44696E-4
2020	5.91824E-4
2021	6.08931E-4
2022	5.89703E-4
2023	6.44242E-4
2024	6.62038E-4
2025	6.83602E-4
2026	7.23118E-4
2027	8.17913E-4
2028	8.11311E-4
2029	9.20954E-4
2030	9.01882E-4
2031	8.78146E-4
2032	9.5881E-4
2033	9.88874E-4
2034	0.00104
2035	0.00108
2036	0.00107
2037	0.00116
2038	0.0011
2039	0.00112
2040	0.00125
2041	0.00127
2042	0.00126
2043	0.00127
2044	0.00124
2045	0.00116
2046	0.00118
2047	0.0013
2048	0.00123
2049	0.0011
2050	0.00111
2051	0.0011
2052	9.96573E-4
2053	9.84194E-4
2054	9.78473E-4
2055	9.86292E-4
2056	0.00104
2057	9.23112E-4
2058	9.08826E-4
2059	7.94912E-4
2060	8.54923E-4
2061	7.90491E-4
2062	7.36637E-4
2063	7.41194E-4
2064	7.87315E-4
2065	6.16549E-4
2066	6.37324E-4
2067	5.99385E-4
2068	5.27629E-4
2069	5.1367E-4
2070	5.59704E-4
2071	4.96348E-4
2072	4.94807E-4
2073	4.31082E-4
2074	4.89947E-4
2075	4.52407E-4
2076	3.93871E-4
2077	3.85972E-4
2078	3.01989E-4
2079	3.77697E-4
2080	3.07446E-4
2081	2.65246E-4
2082	3.78423E-4
2083	3.55073E-4
2084	3.00901E-4
2085	2.50947E-4
2086	2.35027E-4
2087	2.40604E-4
2088	1.29237E-4
2089	1.21949E-4
2090	2.86354E-4
2091	2.06813E-4
2092	1.72056E-4
2093	2.05017E-4
2094	1.19205E-4
2095	1.62184E-4
2096	9.06238E-5
2097	5.41789E-5
2098	1.27988E-4
2099	1.32565E-4
2100	1.00397E-4
2101	7.56878E-6
2102	3.74089E-5
2103	1.0388E-4
2104	5.89122E-5
2105	4.85609E-5
2106	1.2998E-4
2107	1.58295E-4
2108	8.40128E-5
2109	5.09456E-5
2110	0
2111	5.06499E-5
2112	1.55404E-4
2113	8.21597E-5
2114	1.18692E-4
2115	1.31327E-4
2116	8.48671E-5
2117	9.38728E-5
2118	1.80782E-4
2119	2.43874E-4
2120	2.18709E-4
2121	1.06506E-4
2122	1.96394E-4
2123	1.98277E-4
2124	1.75006E-4
2125	1.76387E-4
2126	1.32259E-4
2127	1.7506E-4
2128	2.36597E-4
2129	2.39917E-4
2130	1.60189E-4
2131	1.94925E-4
2132	1.37418E-4
2133	1.78335E-4
2134	2.03396E-4
2135	2.25678E-4
2136	1.06283E-4
2137	2.66193E-4
2138	3.3372E-4
2139	3.22504E-4
2140	1.90565E-4
2141	3.55201E-4
2142	3.15705E-4
2143	2.94394E-4
2144	3.33162E-4
2145	5.71534E-4
2146	0.00128
2147	4.86026E-4
2148	4.11548E-4
2149	3.27732E-4
2150	3.12654E-4
2151	3.67479E-4
2152	3.63234E-4
2153	3.81464E-4
2154	3.87898E-4
2155	3.72292E-4
2156	3.27041E-4
2157	3.963E-4
2158	4.17587E-4
2159	3.53924E-4
2160	4.28729E-4
2161	3.71382E-4
2162	3.83499E-4
2163	4.32396E-4
2164	3.96241E-4
2165	4.92475E-4
2166	4.86574E-4
2167	5.12596E-4
2168	4.97568E-4
2169	5.22493E-4
2170	4.95213E-4
2171	3.68838E-4
2172	5.15158E-4
2173	5.1572E-4
2174	5.8556E-4
2175	5.6609E-4
2176	6.05155E-4
2177	5.91965E-4
2178	6.20938E-4
2179	6.73224E-4
2180	7.21362E-4
2181	7.91963E-4
2182	6.98153E-4
2183	5.13201E-4
2184	8.29515E-4
2185	7.4147E-4
2186	7.06902E-4
2187	6.51822E-4
2188	8.39281E-4
2189	7.29788E-4
2190	7.24897E-4
2191	7.82155E-4
2192	6.95979E-4
2193	8.1052E-4
2194	8.6227E-4
2195	9.25751E-4
2196	9.36076E-4
2197	8.54738E-4
2198	8.55888E-4
2199	9.10419E-4
2200	0.001
2201	0.00103
2202	0.00104
2203	0.00117
2204	0.00103
2205	0.0011
2206	0.00109
2207	0.00125
2208	0.00127
2209	0.00123
2210	0.00125
2211	0.00122
2212	0.00147
2213	0.00129
2214	0.00137
2215	0.00144
2216	0.00143
2217	0.00147
2218	0.00158
2219	0.00146
2220	0.00162
2221	0.00172
2222	0.00171
2223	0.0017
2224	0.00178
2225	0.00162
2226	0.00173
2227	0.00183
2228	0.00163
2229	0.00174
2230	0.00182
2231	0.00169
2232	0.00185
2233	0.00186
2234	0.00175
2235	0.00172
2236	0.00191
2237	0.00185
2238	0.00185
2239	0.00196
2240	0.00187
2241	0.0019
2242	0.0018
2243	0.00179
2244	0.00194
2245	0.00184
2246	0.00169
2247	0.00181
2248	0.00175
2249	0.0017
2250	0.00182
2251	0.00184
2252	0.00174
2253	0.00174
2254	0.00177
2255	0.00168
2256	0.0018
2257	0.0017
2258	0.00172
2259	0.00191
2260	0.00166
2261	0.00159
2262	0.00169
2263	0.00174
2264	0.00175
2265	0.00172
2266	0.00184
2267	0.0018
2268	0.00168
2269	0.00165
2270	0.00169
2271	0.00176
2272	0.00157
2273	0.00167
2274	0.00184
2275	0.00166
2276	0.00166
2277	0.00164
2278	0.00169
2279	0.00175
2280	0.00171
2281	0.00182
2282	0.00203
2283	0.00179
2284	0.00176
2285	0.00194
2286	0.00179
2287	0.00179
2288	0.00191
2289	0.00185
2290	0.00196
2291	0.00193
2292	0.00198
2293	0.002
2294	0.00203
2295	0.00214
2296	0.00218
2297	0.00212
2298	0.00226
2299	0.00249
2300	0.00235
2301	0.00222
2302	0.00248
2303	0.00249
2304	0.00237
2305	0.00243
2306	0.00264
2307	0.00266
2308	0.00249
2309	0.00265
2310	0.00265
2311	0.00238
2312	0.0024
2313	0.00238
2314	0.00229
2315	0.00222
2316	0.00211
2317	0.00208
2318	0.00208
2319	0.00195
2320	0.00195
2321	0.00191
2322	0.00177
2323	0.00194
2324	0.00233
2325	0.00204
2326	0.00193
2327	0.00168
2328	0.00161
2329	0.00154
2330	0.00158
2331	0.00157
2332	0.00145
2333	0.00136
2334	0.00144
2335	0.0014
2336	0.00141
2337	0.00145
2338	0.00151
2339	0.00143
2340	0.0013
2341	0.00134
2342	0.0013
2343	0.00132
2344	0.00128
2345	0.00134
2346	0.00124
2347	0.00121
2348	0.00135
2349	0.0014
2350	0.00148
2351	0.00137
2352	0.00145
2353	0.00139
2354	0.00138
2355	0.0015
2356	0.00142
2357	0.00136
2358	0.00145
2359	0.00166
2360	0.0017
2361	0.00163
2362	0.0016
2363	0.00173
2364	0.00176
2365	0.00179
2366	0.00181
2367	0.00189
2368	0.00176
2369	0.00204
2370	0.00203
2371	0.00206
2372	0.00222
2373	0.00241
2374	0.00244
2375	0.00242
2376	0.00259
2377	0.00267
2378	0.00267
2379	0.00276
2380	0.00294
2381	0.00287
2382	0.00296
2383	0.00298
2384	0.00301
2385	0.00291
2386	0.00292
2387	0.00278
2388	0.00287
2389	0.00276
2390	0.00259
2391	0.00256
2392	0.00255
2393	0.0025
2394	0.00268
2395	0.00243
2396	0.00241
2397	0.00244
2398	0.00228
2399	0.00223
2400	0.00237
2401	0.00232
2402	0.00214
2403	0.00213
2404	0.00218
2405	0.00213
2406	0.00224
2407	0.00217
2408	0.00224
2409	0.00221
2410	0.00225
2411	0.00228
2412	0.00239
2413	0.00234
2414	0.00245
2415	0.0024
2416	0.00229
2417	0.00228
2418	0.00238
2419	0.00242
2420	0.00242
2421	0.00239
2422	0.00251
2423	0.00261
2424	0.00262
2425	0.00259
2426	0.0026
2427	0.0026
2428	0.00278
2429	0.00284
2430	0.00285
2431	0.00282
2432	0.00273
2433	0.0029
2434	0.00282
2435	0.00279
2436	0.00272
2437	0.00289
2438	0.00306
2439	0.00291
2440	0.00306
2441	0.00321
2442	0.00317
2443	0.00314
2444	0.00327
2445	0.00329
2446	0.00316
2447	0.00336
2448	0.00337
2449	0.00355
2450	0.00349
2451	0.00367
2452	0.00368
2453	0.00394
2454	0.00391
2455	0.00374
2456	0.00372
2457	0.00389
2458	0.00409
2459	0.00412
2460	0.00406
2461	0.00442
2462	0.00447
2463	0.00443
2464	0.00461
2465	0.00474
2466	0.00476
2467	0.00478
2468	0.00498
2469	0.00521
2470	0.00513
2471	0.00513
2472	0.00512
2473	0.00532
2474	0.00537
2475	0.0053
2476	0.00536
2477	0.00549
2478	0.00541
2479	0.00538
2480	0.00557
2481	0.00539
2482	0.00544
2483	0.00552
2484	0.0057
2485	0.00566
2486	0.00564
2487	0.00568
2488	0.00592
2489	0.00604
2490	0.00692
2491	0.00775
2492	0.00671
2493	0.00599
2494	0.00599
2495	0.00589
2496	0.00599
2497	0.00604
2498	0.00602
2499	0.00602
2500	0.00606
2501	0.00615
2502	0.0059
2503	0.00623
2504	0.00621
2505	0.00608
2506	0.00612
2507	0.00619
2508	0.00621
2509	0.00627
2510	0.00629
2511	0.0063
2512	0.00645
2513	0.00657
2514	0.00643
2515	0.00653
2516	0.00672
2517	0.00664
2518	0.00659
2519	0.00673
2520	0.00675
2521	0.00687
2522	0.00709
2523	0.00699
2524	0.00716
2525	0.00707
2526	0.00741
2527	0.00733
2528	0.00743
2529	0.00754
2530	0.00763
2531	0.00779
2532	0.0079
2533	0.00792
2534	0.00814
2535	0.00814
2536	0.00818
2537	0.00824
2538	0.00859
2539	0.00876
2540	0.00872
2541	0.00902
2542	0.00973
2543	0.01099
2544	0.00914
2545	0.00936
2546	0.00953
2547	0.00963
2548	0.00965
2549	0.00948
2550	0.00962
2551	0.0099
2552	0.01013
2553	0.01005
2554	0.01008
2555	0.00998
2556	0.00995
2557	0.01007
2558	0.01036
2559	0.0104
2560	0.01033
2561	0.01022
2562	0.01046
2563	0.01061
2564	0.01047
2565	0.01066
2566	0.01052
2567	0.01046
2568	0.01047
2569	0.01035
2570	0.0105
2571	0.01035
2572	0.01057
2573	0.01067
2574	0.01067
2575	0.01074
2576	0.01044
2577	0.01044
2578	0.01075
2579	0.01061
2580	0.01085
2581	0.01102
2582	0.01089
2583	0.01062
2584	0.01065
2585	0.01096
2586	0.01087
2587	0.01092
2588	0.01094
2589	0.01109
2590	0.01122
2591	0.01133
2592	0.01128
2593	0.01141
2594	0.01124
2595	0.01133
2596	0.0113
2597	0.01132
2598	0.01135
2599	0.01156
2600	0.01145
2601	0.01127
2602	0.01136
2603	0.01153
2604	0.01121
2605	0.01134
2606	0.01125
2607	0.01142
2608	0.01123
2609	0.0113
2610	0.0113
2611	0.01116
2612	0.01094
2613	0.01096
2614	0.01075
2615	0.0107
2616	0.01088
2617	0.01041
2618	0.01033
2619	0.01049
2620	0.0102
2621	0.01008
2622	0.00983
2623	0.00988
2624	0.00964
2625	0.00956
2626	0.0094
2627	0.00962
2628	0.00944
2629	0.00906
2630	0.00915
2631	0.00917
2632	0.00906
2633	0.00906
2634	0.00857
2635	0.00866
2636	0.00876
2637	0.00862
2638	0.00849
2639	0.00869
2640	0.00834
2641	0.00811
2642	0.00816
2643	0.00829
2644	0.00849
2645	0.00816
2646	0.00775
2647	0.00798
2648	0.00804
2649	0.00806
2650	0.00816
2651	0.00808
2652	0.00779
2653	0.00784
2654	0.00822
2655	0.00816
2656	0.00809
2657	0.0079
2658	0.00761
2659	0.00814
2660	0.00799
2661	0.00811
2662	0.00801
2663	0.00817
2664	0.00794
2665	0.00826
2666	0.00814
2667	0.00785
2668	0.00812
2669	0.00798
2670	0.00808
2671	0.0082
2672	0.00819
2673	0.00827
2674	0.00829
2675	0.00809
2676	0.00857
2677	0.00826
2678	0.00836
2679	0.00847
2680	0.00853
2681	0.00863
2682	0.00849
2683	0.00869
2684	0.00892
2685	0.00866
2686	0.00906
2687	0.0092
2688	0.00917
2689	0.00911
2690	0.00918
2691	0.00925
2692	0.00943
2693	0.00968
2694	0.00947
2695	0.00961
2696	0.00964
2697	0.00968
2698	0.00955
2699	0.00995
2700	0.01043
2701	0.00999
2702	0.01041
2703	0.01035
2704	0.01074
2705	0.01067
2706	0.01088
2707	0.01103
2708	0.01106
2709	0.0111
2710	0.01088
2711	0.01141
2712	0.01172
2713	0.01152
2714	0.01171
2715	0.01171
2716	0.01191
2717	0.01234
2718	0.01228
2719	0.01239
2720	0.01267
2721	0.01289
2722	0.01322
2723	0.01333
2724	0.01327
2725	0.01387
2726	0.01397
2727	0.01403
2728	0.01428
2729	0.01457
2730	0.01435
2731	0.0146
2732	0.0151
2733	0.01548
2734	0.0155
2735	0.01589
2736	0.01609
2737	0.01606
2738	0.01651
2739	0.01673
2740	0.01724
2741	0.01751
2742	0.01807
2743	0.01831
2744	0.01869
2745	0.01884
2746	0.01957
2747	0.0202
2748	0.01974
2749	0.02087
2750	0.0212
2751	0.02142
2752	0.02185
2753	0.02259
2754	0.0232
2755	0.02359
2756	0.02452
2757	0.02482
2758	0.02548
2759	0.02538
2760	0.02664
2761	0.02744
2762	0.0275
2763	0.02846
2764	0.02955
2765	0.02981
2766	0.03128
2767	0.03225
2768	0.0328
2769	0.03407
2770	0.03527
2771	0.03701
2772	0.03761
2773	0.03898
2774	0.04003
2775	0.04082
2776	0.0426
2777	0.04377
2778	0.04531
2779	0.04619
2780	0.04766
2781	0.04898
2782	0.04999
2783	0.05198
2784	0.0533
2785	0.05461
2786	0.05588
2787	0.0582
2788	0.05992
2789	0.06146
2790	0.06328
2791	0.06504
2792	0.06737
2793	0.06997
2794	0.07165
2795	0.07424
2796	0.07684
2797	0.07901
2798	0.08235
2799	0.08536
2800	0.08851
2801	0.09154
2802	0.09554
2803	0.10006
2804	0.10504
2805	0.11093
2806	0.11578
2807	0.12132
2808	0.12761
2809	0.13717
2810	0.14528
2811	0.15398
2812	0.1655
2813	0.17832
2814	0.19248
2815	0.20749
2816	0.22607
2817	0.24482
2818	0.26685
2819	0.29318
2820	0.32071
2821	0.34979
2822	0.38239
2823	0.42671
2824	0.46865
2825	0.50944
2826	0.55564
2827	0.61182
2828	0.68116
2829	0.74141
2830	0.80306
2831	0.86537
2832	0.92055
2833	0.96428
2834	0.99137
2835	1
2836	0.98883
2837	0.9519
2838	0.90737
2839	0.84905
2840	0.78592
2841	0.71954
2842	0.65575
2843	0.59632
2844	0.54189
2845	0.49389
2846	0.44491
2847	0.40665
2848	0.37362
2849	0.34497
2850	0.31865
2851	0.29346
2852	0.27425
2853	0.25985
2854	0.24533
2855	0.23156
2856	0.221
2857	0.21176
2858	0.20369
2859	0.19429
2860	0.18897
2861	0.18314
2862	0.17796
2863	0.1743
2864	0.17151
2865	0.16688
2866	0.16381
2867	0.16179
2868	0.15984
2869	0.15814
2870	0.15648
2871	0.15506
2872	0.15543
2873	0.15469
2874	0.15779
2875	0.16344
2876	0.16289
2877	0.16001
2878	0.1571
2879	0.1576
2880	0.15822
2881	0.15903
2882	0.16055
2883	0.16219
2884	0.16477
2885	0.16735
2886	0.16883
2887	0.17081
2888	0.17476
2889	0.17781
2890	0.18144
2891	0.18581
2892	0.18937
2893	0.19233
2894	0.19652
2895	0.20136
2896	0.20592
2897	0.20967
2898	0.21512
2899	0.22123
2900	0.22593
2901	0.2315
2902	0.23809
2903	0.24798
2904	0.25396
2905	0.2603
2906	0.27121
2907	0.27881
2908	0.28565
2909	0.29453
2910	0.30661
2911	0.31456
2912	0.3223
2913	0.33196
2914	0.33765
2915	0.34405
2916	0.35066
2917	0.35985
2918	0.36624
2919	0.37186
2920	0.38009
2921	0.38775
2922	0.39585
2923	0.40466
2924	0.41408
2925	0.4269
2926	0.43938
2927	0.45081
2928	0.46817
2929	0.4821
2930	0.49865
2931	0.51679
2932	0.53587
2933	0.55312
2934	0.57442
2935	0.59663
2936	0.61748
2937	0.63738
2938	0.65893
2939	0.67991
2940	0.69346
2941	0.71231
2942	0.72387
2943	0.73191
2944	0.73465
2945	0.72976
2946	0.72275
2947	0.70957
2948	0.69057
2949	0.67369
2950	0.65048
2951	0.62076
2952	0.59084
2953	0.56583
2954	0.54054
2955	0.51133
2956	0.48605
2957	0.46104
2958	0.43718
2959	0.41778
2960	0.39977
2961	0.37965
2962	0.36534
2963	0.35056
2964	0.33806
2965	0.3262
2966	0.31562
2967	0.305
2968	0.29851
2969	0.29197
2970	0.28252
2971	0.27866
2972	0.27259
2973	0.2677
2974	0.26314
2975	0.2607
2976	0.25733
2977	0.25207
2978	0.25105
2979	0.24707
2980	0.24472
2981	0.24213
2982	0.2394
2983	0.23467
2984	0.23304
2985	0.2305
2986	0.22762
2987	0.22406
2988	0.21967
2989	0.21676
2990	0.21205
2991	0.20919
2992	0.20516
2993	0.20158
2994	0.19545
2995	0.18992
2996	0.18547
2997	0.18149
2998	0.17708
2999	0.17115
3000	0.16669
3001	0.16263
3002	0.15752
3003	0.15321
3004	0.15068
3005	0.14566
3006	0.13975
3007	0.13725
3008	0.13566
3009	0.13031
3010	0.12766
3011	0.12415
3012	0.12048
3013	0.11766
3014	0.11463
3015	0.1125
3016	0.11016
3017	0.10655
3018	0.10541
3019	0.10264
3020	0.10154
3021	0.0994
3022	0.09756
3023	0.09657
3024	0.09438
3025	0.09292
3026	0.09108
3027	0.0895
3028	0.08667
3029	0.08583
3030	0.08438
3031	0.08319
3032	0.08186
3033	0.08094
3034	0.07916
3035	0.07883
3036	0.07719
3037	0.07719
3038	0.07606
3039	0.0757
3040	0.07486
3041	0.07376
3042	0.07195
3043	0.07096
3044	0.07118
3045	0.06939
3046	0.06857
3047	0.06846
3048	0.06747
3049	0.06705
3050	0.06649
3051	0.06584
3052	0.0657
3053	0.06414
3054	0.06446
3055	0.06444
3056	0.06287
3057	0.06238
3058	0.06323
3059	0.06223
3060	0.06093
3061	0.0608
3062	0.05957
3063	0.05885
3064	0.05893
3065	0.05818
3066	0.05813
3067	0.0573
3068	0.0571
3069	0.05709
3070	0.05671
3071	0.05684
3072	0.05561
3073	0.05529
3074	0.0548
3075	0.05498
3076	0.05285
3077	0.05367
3078	0.05205
3079	0.05092
3080	0.0522
3081	0.05184
3082	0.05189
3083	0.05118
3084	0.05046
3085	0.05028
3086	0.05034
3087	0.04853
3088	0.04915
3089	0.04988
3090	0.04742
3091	0.04772
3092	0.04774
3093	0.04745
3094	0.04816
3095	0.04766
3096	0.04605
3097	0.04692
3098	0.04617
3099	0.0455
3100	0.04538
3101	0.04529
3102	0.04482
3103	0.04458
3104	0.04398
3105	0.04446
3106	0.04308
3107	0.04258
3108	0.04318
3109	0.04292
3110	0.04258
3111	0.04393
3112	0.04226
3113	0.0415
3114	0.04196
3115	0.04171
3116	0.04168
3117	0.04158
3118	0.04223
3119	0.04115
3120	0.0409
3121	0.04255
3122	0.0415
3123	0.03965
3124	0.04081
3125	0.04043
3126	0.04111
3127	0.04048
3128	0.04026
3129	0.03927
3130	0.03997
3131	0.03964
3132	0.04018
3133	0.039
3134	0.0379
3135	0.03932
3136	0.03938
3137	0.03951
3138	0.03898
3139	0.03831
3140	0.03691
3141	0.03831
3142	0.03901
3143	0.03826
3144	0.03689
3145	0.03863
3146	0.03806
3147	0.03617
3148	0.03725
3149	0.03822
3150	0.03837
3151	0.03852
3152	0.03698
3153	0.038
3154	0.03783
3155	0.03674
3156	0.03782
3157	0.03668
3158	0.03693
3159	0.03804
3160	0.03705
3161	0.03743
3162	0.03779
3163	0.03698
3164	0.03528
3165	0.03699
3166	0.03621
3167	0.03672
3168	0.03808
3169	0.03825
3170	0.03773
3171	0.037
3172	0.03866
3173	0.03868
3174	0.03724
3175	0.03721
3176	0.03719
3177	0.03751
3178	0.03788
3179	0.03742
3180	0.03737
3181	0.03787
3182	0.03789
3183	0.03895
3184	0.03909
3185	0.03829
3186	0.03812
3187	0.03909
3188	0.03947
3189	0.03973
3190	0.03891
3191	0.03993
3192	0.04198
3193	0.04168
3194	0.04006
3195	0.04055
3196	0.04083
3197	0.03987
3198	0.04113
3199	0.04102
3200	0.0406
3201	0.04185
3202	0.04328
3203	0.04256
3204	0.0418
3205	0.0424
3206	0.04238
3207	0.04321
3208	0.04378
3209	0.04485
3210	0.0441
3211	0.0449
3212	0.04584
3213	0.04608
3214	0.04634
3215	0.04691
3216	0.04669
3217	0.04782
3218	0.04697
3219	0.04668
3220	0.04649
3221	0.04636
3222	0.04752
3223	0.04795
3224	0.04823
3225	0.05034
3226	0.04975
3227	0.04941
3228	0.05091
3229	0.04863
3230	0.05021
3231	0.05084
3232	0.0522
3233	0.0518
3234	0.05154
3235	0.05296
3236	0.05122
3237	0.05393
3238	0.05319
3239	0.0533
3240	0.05271
3241	0.0554
3242	0.05549
3243	0.05569
3244	0.05637
3245	0.05647
3246	0.05699
3247	0.05636
3248	0.05689
3249	0.05742
3250	0.05782
3251	0.05939
3252	0.05819
3253	0.05823
3254	0.05994
3255	0.06015
3256	0.0612
3257	0.06129
3258	0.06144
3259	0.06247
3260	0.06256
3261	0.06107
3262	0.06153
3263	0.06234
3264	0.06339
3265	0.06323
3266	0.0645
3267	0.06459
3268	0.06536
3269	0.06645
3270	0.06524
3271	0.06556
3272	0.0662
3273	0.06922
3274	0.06661
3275	0.06775
3276	0.06856
3277	0.06902
3278	0.06812
3279	0.06867
3280	0.06737
3281	0.06845
3282	0.07004
3283	0.06969
3284	0.0706
3285	0.07008
3286	0.07088
3287	0.06925
3288	0.07055
3289	0.07001
3290	0.06869
3291	0.07067
3292	0.07156
3293	0.07027
3294	0.06956
3295	0.07008
3296	0.06834
3297	0.07134
3298	0.07127
3299	0.06924
3300	0.07013
3301	0.07059
3302	0.06869
3303	0.06836
3304	0.06906
3305	0.06794
3306	0.06799
3307	0.06813
3308	0.06968
3309	0.06861
3310	0.06858
3311	0.06792
3312	0.06811
3313	0.06672
3314	0.06685
3315	0.06669
3316	0.06819
3317	0.06866
3318	0.06623
3319	0.06898
3320	0.06875
3321	0.06723
3322	0.06841
3323	0.06744
3324	0.06701
3325	0.06772
3326	0.06812
3327	0.06942
3328	0.06903
3329	0.06854
3330	0.06812
3331	0.06851
3332	0.06866
3333	0.06682
3334	0.06674
3335	0.06727
3336	0.06637
3337	0.06825
3338	0.0667
3339	0.068
3340	0.06845
3341	0.06693
3342	0.06489
3343	0.06731
3344	0.06708
3345	0.06716
3346	0.06807
3347	0.06818
3348	0.06654
3349	0.06705
3350	0.06799
3351	0.06594
3352	0.06701
3353	0.06701
3354	0.06698
3355	0.0676
3356	0.06706
3357	0.06587
3358	0.06679
3359	0.06762
3360	0.06611
3361	0.06614
3362	0.06621
3363	0.06565
3364	0.06623
3365	0.06597
3366	0.06545
3367	0.06643
3368	0.06704
3369	0.06428
3370	0.06745
3371	0.0665
3372	0.06449
3373	0.06605
3374	0.06669
3375	0.06458
3376	0.06677
3377	0.06572
3378	0.06529
3379	0.06568
3380	0.06517
3381	0.06468
3382	0.0659
3383	0.06375
3384	0.06385
3385	0.06475
3386	0.06309
3387	0.06324
3388	0.06591
3389	0.06536
3390	0.06433
3391	0.06219
3392	0.06361
3393	0.06396
3394	0.06157
3395	0.0615
3396	0.0619
3397	0.06213
3398	0.05931
3399	0.05959
3400	0.06009
3401	0.05978
3402	0.05822
3403	0.05805
3404	0.05723
3405	0.05897
3406	0.05692
3407	0.05687
3408	0.05667
3409	0.0566
3410	0.05609
3411	0.05654
3412	0.05529
3413	0.05605
3414	0.05499
3415	0.05465
3416	0.05371
3417	0.05392
3418	0.05464
3419	0.05377
3420	0.05345
3421	0.0529
3422	0.05231
3423	0.05188
3424	0.05086
3425	0.05197
3426	0.05361
3427	0.0494
3428	0.04958
3429	0.05092
3430	0.04871
3431	0.05133
3432	0.05005
3433	0.04964
3434	0.04837
3435	0.04822
3436	0.04734
3437	0.0496
3438	0.04885
3439	0.05037
3440	0.04999
3441	0.04699
3442	0.04631
3443	0.0474
3444	0.04664
3445	0.04736
3446	0.04887
3447	0.04717
3448	0.0458
3449	0.04637
3450	0.04596
3451	0.04851
3452	0.04672
3453	0.04419
3454	0.04462
3455	0.04384
3456	0.04398
3457	0.04346
3458	0.04417
3459	0.04555
3460	0.04334
3461	0.04256
3462	0.04465
3463	0.04398
3464	0.04137
3465	0.0436
3466	0.04285
3467	0.04206
3468	0.0424
3469	0.03876
3470	0.04054
3471	0.03929
3472	0.03996
3473	0.03994
3474	0.03746
3475	0.0384
3476	0.04201
3477	0.03793
3478	0.03793
3479	0.03973
3480	0.03683
3481	0.03907
3482	0.03896
3483	0.03814
3484	0.04006
3485	0.03844
3486	0.03742
3487	0.03782
3488	0.03934
3489	0.0375
3490	0.03995
3491	0.03819
3492	0.0374
3493	0.03592
3494	0.03701
3495	0.04017
3496	0.03512
3497	0.03523
3498	0.03586
3499	0.03503
3500	0.03529
3501	0.0383
3502	0.03265
3503	0.03458
3504	0.03704
3505	0.03415
3506	0.03563
3507	0.03329
3508	0.03495
3509	0.03377
3510	0.03323
3511	0.03645
3512	0.03321
3513	0.03416
3514	0.03669
3515	0.03192
3516	0.03352
3517	0.03507
3518	0.03331
3519	0.03063
3520	0.03354
3521	0.03185
3522	0.03556
3523	0.03373
3524	--
3525	--
3526	0.03802
3527	0.03035
3528	0.03176
3529	0.02994
3530	0.0339
3531	0.03046
3532	0.03225
3533	0.03191
3534	0.0308
3535	0.0339
3536	0.03485
3537	0.03103
3538	0.03109
3539	0.03102
3540	0.03312
3541	0.02942
3542	0.02985
3543	0.03004
3544	0.03393
3545	0.02928
3546	0.03427
3547	0.03235
3548	0.0336
3549	0.03318
3550	0.03486
3551	0.03339
3552	0.02776
3553	0.03482
3554	0.03556
3555	0.03075
3556	0.03401
3557	0.03229
3558	0.03392
3559	0.03585
3560	0.03316
3561	0.0363
3562	0.03203
3563	0.03497
3564	0.0351
3565	0.03039
3566	0.03531
3567	0.03502
3568	0.03412
3569	0.03605
3570	0.03566
3571	0.03202
3572	0.02774
3573	0.03593
3574	0.0416
3575	0.03918
3576	0.04035
3577	0.04048
3578	0.039
3579	0.04212
3580	0.03935
3581	0.03797
3582	0.03867
3583	0.0349
3584	0.03991
3585	0.0341
3586	0.04364
3587	0.04192
3588	0.035
3589	0.04622
3590	0.03731
3591	0.02978
3592	0.04272
3593	0.03699
3594	0.04357
3595	0.03571
3596	0.03817
3597	0.04709
3598	0.04311
3599	0.05174
3600	0.04169