100	0.0601238563838115
101	0.0653421747352021
102	0.0683035093298887
103	0.070931768272563
104	0.0741122189727441
105	0.0765331257539522
106	0.0791282230490652
107	0.0817446860949436
108	0.0830530614053381
109	0.0841816917456841
110	0.0856404953616297
111	0.0850278383164385
112	0.0855634199601272
113	0.0863043513918306
114	0.0856608173219788
115	0.0845403881920463
116	0.0831458362667749
117	0.0816829533474678
118	0.0809648787956959
119	0.0787351454245021
120	0.0769969574574458
121	0.0752728766373929
122	0.0733240826520115
123	0.0711968644109859
124	0.0690765053641241
125	0.0675263328085269
126	0.0652916414328558
127	0.0629473893417069
128	0.061302972097352
129	0.0594945679229572
130	0.0584356798238934
131	0.0561664528316436
132	0.0547605470228647
133	0.0528154308010623
134	0.0515051931768485
135	0.0503507268935157
136	0.049414846299731
137	0.0481640951434136
138	0.0469992394176161
139	0.0456479004155777
140	0.0445819347784363
141	0.0434001126654594
142	0.0421987429142075
143	0.0412360097468723
144	0.0401539463052908
145	0.0392660704848236
146	0.0383706490182299
147	0.0371911717058667
148	0.0363726871787815
149	0.0357260883059473
150	0.0347676091171045
151	0.0339146076125552
152	0.0326903799162795
153	0.032154530401887
154	0.0316182830755348
155	0.0313080621732696
156	0.0303559096324601
157	0.0298943827886203
158	0.0292897038170137
159	0.0285423610624423
160	0.0280244295951648
161	0.0275638512159839
162	0.0269479504323103
163	0.0264993420925101
164	0.0262110434517169
165	0.0257749488808969
166	0.0252537225507085
167	0.0252233802023633
168	0.024860492617952
169	0.0245380913205845
170	0.0243698402936758
171	0.0243023720243719
172	0.0238641930679961
173	0.0236503225418895
174	0.0235258223098059
175	0.0231797030054134
176	0.022783255428935
177	0.0227809841196874
178	0.0224721446420853
179	0.0225099735239366
180	0.0227456315773441
181	0.0225195156855072
182	0.0223728530136466
183	0.0221142917487941
184	0.0220870898249819
185	0.0221452518506511
186	0.0222241469622823
187	0.022137304664742
188	0.0220270937104385
189	0.0217428621244458
190	0.0215922383744647
191	0.0215042803927805
192	0.0213183653432611
193	0.0212522625222365
194	0.0211623053623774
195	0.0211055636372389
196	0.0209207802482474
197	0.0208438145512479
198	0.0208091756207198
199	0.0207368356194119
200	0.0204624161958781
201	0.0204099833014835
202	0.0206577450633506
203	0.0205653626884122
204	0.0203162578452033
205	0.0204970961324583
206	0.0205721947227235
207	0.0204044272477015
208	0.0205996038069806
209	0.0207784754013747
210	0.0207433933924658
211	0.0205568707078113
212	0.0206710880066564
213	0.0206018016248621
214	0.0204801308103712
215	0.0206456701123821
216	0.020597230781422
217	0.0206535970615383
218	0.0207242563472576
219	0.020640936309826
220	0.0205860105669933
221	0.020751186139997
222	0.0206367760594526
223	0.0204298169170308
224	0.0201445793513972
225	0.0201664062871118
226	0.0203080486465979
227	0.0202666852560769
228	0.0201355516293888
229	0.0201000185539072
230	0.0200133120556302
231	0.0198967973527771
232	0.0197700497760217
233	0.0197985601656772
234	0.0199143719076378
235	0.0198240307820184
236	0.0197225125782071
237	0.0194468682985726
238	0.0194334380177014
239	0.0193761190125572
240	0.0193744127347543
241	0.0194950211197144
242	0.0194958785189849
243	0.0193835299245126
244	0.0192464605386512
245	0.0193094474322649
246	0.0194288772926377
247	0.0195468000474605
248	0.019511202001351
249	0.0195863714202515
250	0.0196382802892535
251	0.0197329158668711
252	0.0196281555222158
253	0.0196461688950882
254	0.0198170262027608
255	0.0198008085754412
256	0.0197692637379328
257	0.0198195249092062
258	0.0200559413083039
259	0.0199391416932709
260	0.0201147104365621
261	0.0200477523464515
262	0.0200456983160252
263	0.0198777598936953
264	0.019507796901391
265	0.0194351991477558
266	0.0194001416359689
267	0.01922982060225
268	0.0190754754199073
269	0.0190375959461736
270	0.0190179758816248
271	0.0190184876584564
272	0.0191892171550576
273	0.0190267778040737
274	0.0188114204091701
275	0.0188153979962206
276	0.0188139457429221
277	0.0189982716747873
278	0.019231543388983
279	0.0193300937132077
280	0.0193801253570988
281	0.0197625962603759
282	0.0199214963097748
283	0.020212947623662
284	0.0205305144672547
285	0.0208871403742606
286	0.0211255857741165
287	0.0217560586175656
288	0.0223278310312074
289	0.0224186413299679
290	0.0228619779956199
291	0.023333554517493
292	0.0235656578254778
293	0.0235992652141506
294	0.023848302956547
295	0.0243723310119292
296	0.0245791053608437
297	0.0250801913289135
298	0.0255635754635974
299	0.0260848486578453
300	0.0266473185556752
301	0.0273439735695225
302	0.0283203282017898
303	0.0289357310548312
304	0.0296479657057333
305	0.0304012628585926
306	0.0310058885755861
307	0.0319805140305669
308	0.032798900569164
309	0.0334185456846828
310	0.0341376118373502
311	0.0353103455180598
312	0.03674948593322
313	0.0373835747648969
314	0.0387296889568465
315	0.0402880339653662
316	0.0416949468188783
317	0.0437150279618671
318	0.0459869544304536
319	0.0484041046312555
320	0.051246619130889
321	0.0543553752756725
322	0.057795218545216
323	0.0606363468272712
324	0.0624644019538904
325	0.0629455733594011
326	0.0619262321360063
327	0.0598581105391092
328	0.057360394629464
329	0.0546657484861311
330	0.0523693861383354
331	0.0504943460642391
332	0.0480626621469831
333	0.0461056712115573
334	0.0438220148818951
335	0.0418254302067408
336	0.0386306002284836
337	0.0364082751065145
338	0.0338607080861165
339	0.0317916694447823
340	0.0298586750380078
341	0.0282378527825216
342	0.0268501786905287
343	0.0256038599156575
344	0.0249361722160459
345	0.0245416604447527
346	0.0233849537398478
347	0.0231321759259752
348	0.0226232641925141
349	0.0221553787478733
350	0.0215830354447793
351	0.0213714649854114
352	0.0212306209125753
353	0.0211085842388925
354	0.0210555399815398
355	0.0211258946508723
356	0.0209856012307354
357	0.0211280541254325
358	0.0218091193838484
359	0.0225624207970767
360	0.0231539741041988
361	0.0239036797659524
362	0.0249978181585023
363	0.0266189263912608
364	0.0286229853513601
365	0.0309409823857172
366	0.0334929636809929
367	0.0370135047308203
368	0.0406665475183457
369	0.0443118018187089
370	0.0465584078489631
371	0.0469046491064195
372	0.0459330868567828
373	0.0436386352845042
374	0.0402203888907469
375	0.0371975255137526
376	0.0348262626828524
377	0.033327404142229
378	0.0327804771357709
379	0.032455300740516
380	0.0329281266156118
381	0.0336206373554696
382	0.0343593342236084
383	0.0351545496800569
384	0.036212828013801
385	0.0372549153475321
386	0.0384609129246603
387	0.0392236079190888
388	0.0393065376002065
389	0.0392731480229012
390	0.0387032549645548
391	0.037652566478266
392	0.0366113029933992
393	0.0358771471461172
394	0.0349487706598609
395	0.0343814529946027
396	0.0341060787158566
397	0.0338686611300331
398	0.0338577481947219
399	0.0338424912806222
400	0.0341069238665661
401	0.0337301229819431
402	0.0333180552949038
403	0.0327502807050655
404	0.0314904608206877
405	0.0300359846746005
406	0.0284064126861861
407	0.0268715295300025
408	0.0253908164336919
409	0.0247630819424471
410	0.023914741281634
411	0.0232178381012898
412	0.0227680554972713
413	0.0223576594725365
414	0.0219566431828024
415	0.0214949475218392
416	0.0213447546016779
417	0.0209397463461477
418	0.0210702212132722
419	0.0213229037013873
420	0.0212178280894226
421	0.0211187904854882
422	0.0217040134167542
423	0.0223421432084711
424	0.0227006809560865
425	0.0232399126709553
426	0.0237709820512782
427	0.0245350275826943
428	0.0254297396978418
429	0.0263571735774468
430	0.0271736546659881
431	0.0282876591593994
432	0.0298027172207738
433	0.031662413043205
434	0.0337266433255248
435	0.0363132576933212
436	0.0397340794801668
437	0.0444261021947504
438	0.0503482564120152
439	0.0576494872965381
440	0.0666303665472414
441	0.0772143534389379
442	0.0896254848033701
443	0.104070100964356
444	0.118886285211684
445	0.130591377566899
446	0.13621074575843
447	0.133189537002264
448	0.123004219469503
449	0.106567108587647
450	0.090943515175115
451	0.0780341443016818
452	0.0670321619519648
453	0.0585438399430474
454	0.0515119618381703
455	0.0460003703325793
456	0.0415159266441137
457	0.0376268066893758
458	0.0340735726325821
459	0.0315624328326193
460	0.029312152234063
461	0.0274086326579867
462	0.0261356381148804
463	0.0248744165690865
464	0.0241244632733821
465	0.0236767080724834
466	0.0237435910735896
467	0.0237579841978652
468	0.0241895665053194
469	0.0245101134770597
470	0.024867241575067
471	0.0251702906785894
472	0.0256610425889922
473	0.0261173222558058
474	0.0262625502483902
475	0.0264786004858099
476	0.026959973193758
477	0.0275666204558637
478	0.0277543147420059
479	0.0275059554633801
480	0.0272729095487438
481	0.0264847237012212
482	0.0255801014351266
483	0.0246426913688544
484	0.024046709408109
485	0.0231640562675461
486	0.0226889244677042
487	0.0225557048578219
488	0.0222040944702753
489	0.0215669419007083
490	0.0209421513244742
491	0.0200419625049181
492	0.0193842696310883
493	0.0186726058696382
494	0.0178103998377651
495	0.0169608902381951
496	0.0162580619496003
497	0.0157264733367999
498	0.0154349549221002
499	0.0153753986906608
500	0.0157774204274897
501	0.0165176941647216
502	0.0179844566825912
503	0.019647320792369
504	0.0210224363815067
505	0.021316185631948
506	0.0203635713736431
507	0.0183591103412151
508	0.0159143833041249
509	0.0136005949818391
510	0.0121301344636376
511	0.0108752981459513
512	0.00990556039935847
513	0.00928349912204445
514	0.00893470324079883
515	0.00865764079081822
516	0.00818156691687104
517	0.00787728337141748
518	0.00776554667244941
519	0.00769438466318268
520	0.00758168086044117
521	0.00746053673407351
522	0.00738090990405862
523	0.0073706807579793
524	0.0074227115800452
525	0.0074742141163494
526	0.00758539590224924
527	0.00764692787983373
528	0.00816430869441204
529	0.00845274632974532
530	0.00864964194793445
531	0.00907811312089287
532	0.00936833159048736
533	0.00952719489420332
534	0.00937800742113684
535	0.00901210988599465
536	0.00866773360508807
537	0.00819838419113379
538	0.00778725751310756
539	0.00763806950749495
540	0.00719851338682511
541	0.00705479356488297
542	0.00708798769775834
543	0.00699903811517865
544	0.00713010890142337
545	0.0074393669602842
546	0.00827044726845373
547	0.00957409037393046
548	0.0111556165829753
549	0.0125364575755646
550	0.012822602599805
551	0.012246304076598
552	0.0108989506498021
553	0.00916510932426499
554	0.00774644424273964
555	0.006772157487098
556	0.00605527690375123
557	0.00554558019729343
558	0.00520601861270029
559	0.00497190883065864
560	0.00474176752912867
561	0.00455088654019477
562	0.00454073211033759
563	0.00439688042997349
564	0.0042761716068131
565	0.0041796625319075
566	0.00404409886697615
567	0.00396967527893169
568	0.00385948557321881
569	0.00374432428310237
570	0.00382317758986237
571	0.00381947362501382
572	0.00369237323644686
573	0.00359238418559531
574	0.00360169303870609
575	0.00355602182927892
576	0.00352854931877764
577	0.00346750978660024
578	0.00343314996349929
579	0.00347128782861558
580	0.00344617795902334
581	0.00352267213967875
582	0.00342327378899542
583	0.00338900135671452
584	0.00350237643385383
585	0.00343948417368758
586	0.00352604193183026
587	0.00336242879591959
588	0.00322417284402427
589	0.00317145386584822
590	0.00326809698261492
591	0.00329335718997987
592	0.0033150724507709
593	0.00323237863433444
594	0.00318174292336725
595	0.00317252801139393
596	0.00318078556518801
597	0.00320035754082126
598	0.00321635410824192
599	0.00312814934468068
600	0.00308951525307977
601	0.00311717213105151
602	0.0030584058252878
603	0.00302022120262123
604	0.00299159732738529
605	0.00306436070286716
606	0.00293846695732324
607	0.00295602170146785
608	0.00301391186233725
609	0.00302091702739566
610	0.00293676605823626
611	0.00291475118699207
612	0.00292003766592273
613	0.00281575150034221
614	0.00290652617176658
615	0.002944495965324
616	0.00286364166973236
617	0.00282946722593951
618	0.00284012192963191
619	0.00273309783788401
620	0.002671866802118
621	0.00268255606805428
622	0.00268906804214101
623	0.00273510596283382
624	0.00275219904273768
625	0.00274425329470315
626	0.00273256198996726
627	0.00261327980463652
628	0.0027222968437695
629	0.00267683433917096
630	0.00259391653383191
631	0.00268602741675292
632	0.00265674787072081
633	0.00256509513723607
634	0.00256604690368094
635	0.00260663884787692
636	0.00265573922834918
637	0.00256021291407326
638	0.00267357174855557
639	0.00260714572528416
640	0.0025598970077085
641	0.00249610937773263
642	0.00257126990311282
643	0.00254080293897298
644	0.00257840602126478
645	0.00264868687970358
646	0.00257111903279398
647	0.00252297499866331
648	0.00253638594810998
649	0.00259667938315821
650	0.00264748369823039
651	0.00264985448709524
652	0.00266334670308146
653	0.00261364497151837
654	0.0027139280410887
655	0.00273674689722648
656	0.00276409298127632
657	0.00276464656297922
658	0.00277584366490578
659	0.00276474306033812
660	0.00268771761166268
661	0.00281961490950231
662	0.00287605819578909
663	0.00293934762885965
664	0.00289641690182129
665	0.0029095322881654
666	0.00292590568522817
667	0.00300357104133431
668	0.00296534221733889
669	0.00299821698229966
670	0.00307357556158587
671	0.00321279137462724
672	0.00325815125758639
673	0.00330437812564638
674	0.00329953754759098
675	0.00340146155155398
676	0.00336097015206748
677	0.00344194075573408
678	0.00348271456443371
679	0.00352016070538078
680	0.00368340920695573
681	0.00374642182254753
682	0.00378539972593046
683	0.0038532702273269
684	0.00393922966989169
685	0.00404489315953016
686	0.0040720995567299
687	0.00420005931498804
688	0.0044106524456968
689	0.00445940549958259
690	0.00446269801929052
691	0.00456459869773299
692	0.00462692571343607
693	0.00487742971509421
694	0.00491460319242234
695	0.00501585373854839
696	0.00506193383689475
697	0.00506190284270994
698	0.00521955401817772
699	0.00532534904671047
700	0.00565750435249953
701	0.00585455600670497
702	0.00597478947918905
703	0.00626546008044855
704	0.00665286236089629
705	0.00745497801756081
706	0.00819134020346244
707	0.00949887302587812
708	0.0114232833215712
709	0.0144568109348336
710	0.0173735921876761
711	0.0187446902488034
712	0.0178553041275094
713	0.0157839995023889
714	0.0138372994883936
715	0.0124902123346631
716	0.0119982190592296
717	0.0122374345207905
718	0.0129949148235068
719	0.0138191801388412
720	0.0154277655493352
721	0.0171932539612379
722	0.0204536504865661
723	0.0247775139425902
724	0.0308429092228256
725	0.0402074927536448
726	0.0524824307706006
727	0.0648081161734473
728	0.0724973846659519
729	0.073960267585259
730	0.0709631512160478
731	0.0678251124897192
732	0.0665824373954745
733	0.0662822198397292
734	0.0649379189673547
735	0.0616461235221578
736	0.0560690128661015
737	0.0502225025663398
738	0.0440498029685825
739	0.0395979282038348
740	0.0375976300845108
741	0.0376600136033584
742	0.0394844852270638
743	0.0431709021480568
744	0.0493702263896205
745	0.0576832560466885
746	0.0647893385968773
747	0.0678670238702087
748	0.0661058618630722
749	0.0625318755486556
750	0.0588486267445945
751	0.0579986831199279
752	0.0587217423034835
753	0.0593843894539677
754	0.0579090343042785
755	0.0543614409761017
756	0.0495249821650301
757	0.0438091230051621
758	0.0388297724813816
759	0.0353755893421756
760	0.032585048682172
761	0.0314989096650519
762	0.0318543149763262
763	0.0337642703723925
764	0.0363525755741539
765	0.0384997062475543
766	0.039098361589876
767	0.0372248493906288
768	0.0343425334582757
769	0.0310635180551245
770	0.0278124059390397
771	0.0257921783458648
772	0.0246368163199401
773	0.0238392709741696
774	0.0233848376447913
775	0.0233394380871454
776	0.0234157535453194
777	0.023592158918582
778	0.0244065455031911
779	0.0255343743616103
780	0.0269292362287298
781	0.0281478290543962
782	0.0289647857066323
783	0.0284923352765587
784	0.0278452406032768
785	0.0265009125710496
786	0.0249983767993935
787	0.0232335151942867
788	0.0222504914868241
789	0.0219479605506868
790	0.0219156941131712
791	0.0225002630777886
792	0.0235480651640487
793	0.0251408866765266
794	0.0267327762332756
795	0.0274291037312525
796	0.0277163724278288
797	0.0276090239089781
798	0.0272267298110164
799	0.0267866006707099
800	0.0267852943350512
801	0.027700809299704
802	0.0290792607578046
803	0.0315755989706096
804	0.035381293443782
805	0.0405078828543365
806	0.0471214347900458
807	0.055331042390885
808	0.0659614406778758
809	0.0799984460303905
810	0.100154507608913
811	0.124872375319767
812	0.153275430302599
813	0.174151883008562
814	0.185277133811162
815	0.183413627088619
816	0.172035459477606
817	0.155774701246946
818	0.13883845617859
819	0.122758806236073
820	0.106454368571769
821	0.0935204526471696
822	0.0817007776664638
823	0.0722773792084191
824	0.064189846092038
825	0.0572686316056756
826	0.0507516153721784
827	0.0453878480215592
828	0.0407253310253494
829	0.0368007445633963
830	0.0332084434549974
831	0.0301106524350459
832	0.0278928752570334
833	0.0256671370469124
834	0.0241495563145166
835	0.02337731330051
836	0.022599272456778
837	0.0219396049018954
838	0.0218765162919708
839	0.0217732715736035
840	0.0219462947463898
841	0.0219330002647819
842	0.0217768651948938
843	0.0216008496453988
844	0.0215615807588101
845	0.0212657859986806
846	0.020797352031525
847	0.0203804371096037
848	0.0201023527035982
849	0.0199738887306635
850	0.020093093324023
851	0.0200515834833161
852	0.0207595439189729
853	0.0216540265067381
854	0.022557868060205
855	0.0245791314556041
856	0.0264830312696177
857	0.0284185163946456
858	0.0298200111238236
859	0.0303904367283007
860	0.0301446741446084
861	0.0300393610170694
862	0.0303536953056485
863	0.0314387165084401
864	0.0336769221560279
865	0.036665211040576
866	0.0401206989178023
867	0.0443398121475476
868	0.0476748279716234
869	0.050340386445295
870	0.0513788130569234
871	0.0510032615255231
872	0.0484882170973296
873	0.0461695618359549
874	0.0433940384442921
875	0.0419696665984297
876	0.0407812132210328
877	0.0402629611609846
878	0.0404292396370251
879	0.0413336116064382
880	0.0427348523111117
881	0.044554846819496
882	0.0465047474357371
883	0.0486375488903975
884	0.0509577559911972
885	0.0533601211137712
886	0.0562675886673331
887	0.0596989591279365
888	0.0640642823653313
889	0.0687674102643793
890	0.0732279261226445
891	0.0761288060805691
892	0.0756833898222766
893	0.0735480342763731
894	0.0699301395334768
895	0.0664691009279297
896	0.0628193546009536
897	0.0606549007344663
898	0.0576647340922613
899	0.0549261209403742
900	0.0504469430680494
901	0.04551290742708
902	0.0412034855570294
903	0.037378422913628
904	0.0337738530074691
905	0.0306969947782787
906	0.028084819793845
907	0.0263160152171861
908	0.0247349661694745
909	0.0234214741558558
910	0.0221484066539296
911	0.021000894357972
912	0.020255190780391
913	0.019738691329659
914	0.0192776299311375
915	0.0190918613318041
916	0.0190777083858335
917	0.0192054954926361
918	0.0195363802498664
919	0.0201200348327773
920	0.0206334790663572
921	0.020593133371492
922	0.0204397510325537
923	0.0205806435670877
924	0.0204425788525079
925	0.0207412035627762
926	0.0210395801065476
927	0.021789529674429
928	0.0231619436570454
929	0.0246595464538925
930	0.0261837483323318
931	0.0275803005008703
932	0.028649900765354
933	0.0290227501576869
934	0.0287958721923369
935	0.0291655550653764
936	0.030480924304106
937	0.0326010628768696
938	0.0357311996837102
939	0.0390946316367763
940	0.0426921298628651
941	0.0446702160156219
942	0.0448805941042031
943	0.0443841109323413
944	0.0423957865802209
945	0.041364567447926
946	0.0409542241452581
947	0.0418334908249757
948	0.0436874564510401
949	0.0452904863402982
950	0.0476419459107806
951	0.0499759225243368
952	0.053681965367886
953	0.0568550829078467
954	0.0599649446183977
955	0.062752791660072
956	0.0641224843319603
957	0.0644445256281435
958	0.0642879357638597
959	0.0630329162503043
960	0.0606608652511306
961	0.0569355026990503
962	0.0526757242467614
963	0.048814984207877
964	0.0448801632743833
965	0.0415699971178603
966	0.0386617552422243
967	0.0361500301740638
968	0.0340299443233671
969	0.0328912243640281
970	0.032137610346221
971	0.0315746015117067
972	0.031721714717594
973	0.0319320384864698
974	0.0319479834501704
975	0.0314757018372202
976	0.0306614718211736
977	0.0296806278250241
978	0.0288054708037974
979	0.0278544030594562
980	0.0275420290731844
981	0.027497388926321
982	0.0272580717484491
983	0.0277436494406455
984	0.0285425112404512
985	0.0291706781591542
986	0.0301755730036603
987	0.0308682727973945
988	0.0304377342803566
989	0.0296069697720426
990	0.0276688432182061
991	0.0259820118698142
992	0.0246240666330239
993	0.0236505057377585
994	0.02307573242667
995	0.0226641786466469
996	0.0226064314744136
997	0.022512313531635
998	0.0228362267274678
999	0.0233075130116996
1000	0.0241079815031817
1001	0.0250345883386457
1002	0.0259738207777772
1003	0.0271881841220732
1004	0.0288078864330465
1005	0.0300314500442972
1006	0.031163297495819
1007	0.0321559869155546
1008	0.0330577872197023
1009	0.033810418157352
1010	0.0354213670075743
1011	0.0373948455712079
1012	0.0397396499126944
1013	0.0419364719330082
1014	0.0435917808108292
1015	0.0445222816236011
1016	0.0447758050020567
1017	0.044571045807701
1018	0.0439376966825997
1019	0.0427662917044863
1020	0.0415680751588745
1021	0.040507025455066
1022	0.0397097586309219
1023	0.0390364051730253
1024	0.0385709960678924
1025	0.03863149810126
1026	0.0392120484727748
1027	0.0399362590210652
1028	0.0415830839064772
1029	0.043888513917241
1030	0.0469548511650725
1031	0.0508972864431436
1032	0.0556538132752673
1033	0.0622345071147098
1034	0.0700114646531026
1035	0.0806102882800016
1036	0.0945438039429289
1037	0.108377573715568
1038	0.117221322337605
1039	0.116711031309665
1040	0.108643617786103
1041	0.097317772832436
1042	0.0861361679982805
1043	0.0773746231969852
1044	0.0703152928716144
1045	0.0647727551103659
1046	0.0608884488401039
1047	0.0585371618145678
1048	0.0572252930015557
1049	0.0566682177960301
1050	0.0562768602954694
1051	0.0548969107851029
1052	0.0521980207816541
1053	0.0478965258607596
1054	0.0429666749672857
1055	0.0375403377066732
1056	0.0330515463115961
1057	0.0305784361633758
1058	0.0304490295837896
1059	0.0308996674568941
1060	0.0314869971406533
1061	0.0306694861078951
1062	0.0285390273236639
1063	0.0298174027128752
1064	0.0316579460462604
1065	0.0335677816194472
1066	0.0347304203557025
1067	0.0354679046163016
1068	0.0356232781452228
1069	0.035366699017069
1070	0.034749098346146
1071	0.0339220920158767
1072	0.0328015904596704
1073	0.0314920211808507
1074	0.0305465009695535
1075	0.029916824815116
1076	0.0295828070889985
1077	0.0298861411047009
1078	0.0304317372783783
1079	0.0308128959879892
1080	0.0310836807841806
1081	0.0303214959689453
1082	0.0290496416071049
1083	0.0276259626037586
1084	0.0259475209871105
1085	0.0241614608507233
1086	0.0225001224856101
1087	0.0210536036438084
1088	0.019968342795258
1089	0.0187995685950304
1090	0.0177383751037666
1091	0.016871274972952
1092	0.016001419981003
1093	0.0151786516528421
1094	0.0145592323368827
1095	0.0138885693020386
1096	0.0132933116040311
1097	0.012820969280822
1098	0.012344354340006
1099	0.0122205991399593
1100	0.0119427527820742
1101	0.0115294884638792
1102	0.0114027440824006
1103	0.0113210296715532
1104	0.0110922856645611
1105	0.0109673716441339
1106	0.0110064509443001
1107	0.0111316168590472
1108	0.011097653729559
1109	0.0109838369054043
1110	0.0111183042708709
1111	0.0112976003045312
1112	0.0114353300475947
1113	0.0115649352668876
1114	0.0117188906254626
1115	0.0120353678796718
1116	0.0123608329149296
1117	0.0127701697054104
1118	0.0131784179716
1119	0.013512417591149
1120	0.0140239281497281
1121	0.0145212602001223
1122	0.0153706851248576
1123	0.015698388984049
1124	0.0163684576974111
1125	0.0170344838530948
1126	0.0175284534072195
1127	0.0180575055027992
1128	0.0188774870170579
1129	0.0197358800186348
1130	0.020869602565083
1131	0.0222404237022224
1132	0.023840030384952
1133	0.0258291700651986
1134	0.0279534449237596
1135	0.0306193649962541
1136	0.0333945108127101
1137	0.0360594579234237
1138	0.0392715961834762
1139	0.0427527495889276
1140	0.0466674589177938
1141	0.0499877908474066
1142	0.0526380034717747
1143	0.0546884189749169
1144	0.0565242918787354
1145	0.059319195156642
1146	0.0624520628600411
1147	0.0648611737444533
1148	0.0650645584372455
1149	0.0628919406385739
1150	0.0595507781670572
1151	0.0551900028736189
1152	0.0515047500984678
1153	0.04879402745254
1154	0.0471168394494836
1155	0.0461972957733518
1156	0.0453007532971528
1157	0.0450567539736995
1158	0.0452709919566363
1159	0.0455738360298984
1160	0.0459390231485022
1161	0.0458056592186185
1162	0.0453419361545355
1163	0.0446598792952242
1164	0.0439505928197018
1165	0.0435568995718116
1166	0.0433827308922981
1167	0.0433929328785247
1168	0.0437957923104173
1169	0.0444453489444616
1170	0.0452347090562026
1171	0.0456963152494158
1172	0.0455205984583002
1173	0.0452626991482883
1174	0.0441907610062906
1175	0.042280653302031
1176	0.0404054263042427
1177	0.0379226461833803
1178	0.0356708355797904
1179	0.0331403393256134
1180	0.0304551725034078
1181	0.028071072648026
1182	0.0259982902073926
1183	0.0241762097158142
1184	0.0226795489930724
1185	0.0211728183555444
1186	0.0198327155443186
1187	0.0192112768134314
1188	0.0183153558185671
1189	0.0178021070294172
1190	0.0172475172166839
1191	0.0169768075094969
1192	0.016585009593286
1193	0.0165808637216582
1194	0.016314356868535
1195	0.0161556346895437
1196	0.0159760382998656
1197	0.0159328498737546
1198	0.015751112648631
1199	0.0152175312482093
1200	0.0146516471971352
1201	0.0140959337120659
1202	0.0133553255358639
1203	0.012874344781868
1204	0.0124514046330235
1205	0.0119091171684565
1206	0.011850253246987
1207	0.0115012869509796
1208	0.0112514668983171
1209	0.0112136444070195
1210	0.0111666344298742
1211	0.0110068295845991
1212	0.010968117208717
1213	0.0109026337388424
1214	0.0108659226713196
1215	0.0110261817784442
1216	0.0111242767757271
1217	0.0112969756279198
1218	0.0112974085879241
1219	0.0112989465811497
1220	0.0114636870639645
1221	0.0114297212717457
1222	0.0112991819665395
1223	0.0111688652656159
1224	0.011070860268629
1225	0.0108838609551875
1226	0.0108328488938697
1227	0.0108135584753758
1228	0.0107274979555554
1229	0.0108450079871269
1230	0.0108380209818915
1231	0.0111788803281507
1232	0.0113380759406522
1233	0.0116919741463765
1234	0.0119890347686588
1235	0.0123629061170166
1236	0.013125759810192
1237	0.0140740508590076
1238	0.0147261099273202
1239	0.0156949700378896
1240	0.0166951619675151
1241	0.0177445302719457
1242	0.0182849852452769
1243	0.0188596216920098
1244	0.0192822353900762
1245	0.0192776134222075
1246	0.0190494088844458
1247	0.0187351885607387
1248	0.0187629304863275
1249	0.018421837352317
1250	0.0180056088823582
1251	0.0178877031690116
1252	0.0179427316932475
1253	0.0177283674968777
1254	0.017376948293392
1255	0.0172888278851379
1256	0.0171242455685239
1257	0.0171794844484814
1258	0.0172534311414658
1259	0.0173462278372939
1260	0.0177119448392978
1261	0.018314793449853
1262	0.0189415161034494
1263	0.0197243349510665
1264	0.0206776298033265
1265	0.0215648884028281
1266	0.0228627906610154
1267	0.0240166961732726
1268	0.025051008866041
1269	0.0259490041280846
1270	0.0266954085363736
1271	0.0282330790390056
1272	0.0294655489517468
1273	0.0309091302690913
1274	0.0323945260435295
1275	0.0330881743019225
1276	0.033684038569973
1277	0.0340714664126351
1278	0.0340713242228181
1279	0.0340558255327751
1280	0.0339452508494643
1281	0.0343414854074904
1282	0.0346069825531497
1283	0.0349542718613914
1284	0.0351030956054506
1285	0.0354389841661254
1286	0.0358199761887974
1287	0.0366183160933949
1288	0.0373348553146719
1289	0.0382091283093215
1290	0.0392721729309358
1291	0.0404508546193797
1292	0.042509176834925
1293	0.0448592794778662
1294	0.0477178917819398
1295	0.0507797274173281
1296	0.0537922343697178
1297	0.0566578970520163
1298	0.0593024412553689
1299	0.061464243042125
1300	0.0632995620979676
1301	0.0647502710127259
1302	0.0650925650382613
1303	0.0648143043594865
1304	0.0634625158885138
1305	0.0616965503152779
1306	0.0597508877011453
1307	0.0573269560579146
1308	0.0544077724894763
1309	0.0511814285613863
1310	0.0487385670333921
1311	0.0462527844174446
1312	0.0443161612413352
1313	0.0418331941967809
1314	0.0401270250332895
1315	0.0393177759212036
1316	0.0377578055818929
1317	0.0366506011700251
1318	0.0355420504815388
1319	0.0349205041763333
1320	0.0338215712709682
1321	0.033245666831898
1322	0.033002243723358
1323	0.0328149413911681
1324	0.033236546979409
1325	0.0331482497658395
1326	0.0337194757871511
1327	0.0335728866066565
1328	0.0335784570391841
1329	0.0339977716139705
1330	0.0341769622034969
1331	0.0345235000891482
1332	0.035128509771902
1333	0.0356764747107689
1334	0.0365240953692132
1335	0.037885814760432
1336	0.0397077269674331
1337	0.0403992503667645
1338	0.0418910233811183
1339	0.0431074135959879
1340	0.0439039577550326
1341	0.0435323917988748
1342	0.0431975555493543
1343	0.0428516151804618
1344	0.0426416386316632
1345	0.0415846442666403
1346	0.0409066954681815
1347	0.0398232095958848
1348	0.0396223427811987
1349	0.0391620168288838
1350	0.0382896817696039
1351	0.0380230060993573
1352	0.0373170874455658
1353	0.0364270175350399
1354	0.0356198203231958
1355	0.0346327338213018
1356	0.0336056365960588
1357	0.0325510775644919
1358	0.0314806854039117
1359	0.0308091213010145
1360	0.0298376916553643
1361	0.0291535568010508
1362	0.0284405845737575
1363	0.0276694609717177
1364	0.0269960563893926
1365	0.0262832593697764
1366	0.025560796105341
1367	0.0247748283124529
1368	0.0237296144003882
1369	0.022707912932542
1370	0.021762813432688
1371	0.0209149738977839
1372	0.0203849184852939
1373	0.020120632349536
1374	0.0202386216726251
1375	0.0202348959798945
1376	0.0206775525841375
1377	0.021274879223863
1378	0.0220888126117149
1379	0.0227080045304764
1380	0.0230073929118962
1381	0.0230040549127487
1382	0.0228168521666852
1383	0.0222631762031122
1384	0.0217413198708512
1385	0.0213677834940096
1386	0.0206024396151268
1387	0.0203530381437231
1388	0.0198905867998004
1389	0.0195439253634468
1390	0.0192269011843613
1391	0.0188782405698329
1392	0.0185407367967435
1393	0.0181984773867067
1394	0.0180740905869489
1395	0.0181638911782455
1396	0.0181904066500952
1397	0.0181706949876119
1398	0.0183036185018455
1399	0.0185379340064574
1400	0.0185407005836066
1401	0.0187773438473561
1402	0.0192243050219739
1403	0.0195773761835571
1404	0.0198855063097131
1405	0.0199862544518194
1406	0.0203977049178931
1407	0.0210566146596317
1408	0.0213748919197628
1409	0.0218866213548016
1410	0.022400593341597
1411	0.023053944899369
1412	0.0236195738608465
1413	0.0243626668972946
1414	0.02530881498048
1415	0.0261808512813805
1416	0.0271677631081437
1417	0.0284603351121084
1418	0.0298097500249764
1419	0.030892612285754
1420	0.0322573064796592
1421	0.0340248190994048
1422	0.0356805337773774
1423	0.0375894187557209
1424	0.0398743750304883
1425	0.0429121821844574
1426	0.0460101622582853
1427	0.0493325988102067
1428	0.0530544939544298
1429	0.0576603405866826
1430	0.0632382926656256
1431	0.0693941158764995
1432	0.0763974862544518
1433	0.0843600307939474
1434	0.0929922201400852
1435	0.102413067702164
1436	0.111650357263897
1437	0.120413552958198
1438	0.127613347651014
1439	0.134414648725116
1440	0.14042933123496
1441	0.146301706767745
1442	0.152109479129411
1443	0.157882343092206
1444	0.164697106932494
1445	0.171640959954874
1446	0.178003576153777
1447	0.184682609961723
1448	0.190177298453124
1449	0.1925874051988
1450	0.193707786399581
1451	0.192084665674995
1452	0.190474576354227
1453	0.188583654156874
1454	0.187613509545037
1455	0.187378262617243
1456	0.187663078938887
1457	0.188554337492377
1458	0.189178641321447
1459	0.188512442088271
1460	0.187050555030228
1461	0.184850681520585
1462	0.181219638213721
1463	0.175805294957065
1464	0.169594912395096
1465	0.161345581113273
1466	0.152673812938698
1467	0.14395722568176
1468	0.134500271492017
1469	0.124796061459232
1470	0.116104871327269
1471	0.108138172927954
1472	0.100569419624836
1473	0.0930300042880614
1474	0.0863004425032309
1475	0.08036662179788
1476	0.0743062415045578
1477	0.0690827201774699
1478	0.065185217414088
1479	0.0608404238300334
1480	0.0572847251497466
1481	0.0538989140106283
1482	0.0509892118935018
1483	0.0482309355408293
1484	0.0456256314665745
1485	0.0436816016388788
1486	0.04175521293431
1487	0.040069326322754
1488	0.0382178801724342
1489	0.0362182482683197
1490	0.0347285069174547
1491	0.032970818708729
1492	0.0315998388728427
1493	0.0299201564237099
1494	0.0284158675101913
1495	0.0267756792146606
1496	0.0256100864450181
1497	0.024430182030658
1498	0.0233494004276132
1499	0.02215495803643
1500	0.02115389273115
1501	0.0202527202988904
1502	0.0195912026787496
1503	0.018907254748128
1504	0.0181569616879923
1505	0.0176079790534695
1506	0.0168883111236745
1507	0.0163057818107378
1508	0.0157286594386666
1509	0.0153396195788668
1510	0.0149296362773833
1511	0.0145024783631833
1512	0.0142532851173167
1513	0.0139190367987246
1514	0.0136982655398559
1515	0.0133017466021959
1516	0.013036600936983
1517	0.0126986455647748
1518	0.0122193417985446
1519	0.0121590905944046
1520	0.0120944453521397
1521	0.0117706807366775
1522	0.0114722205831636
1523	0.0112535209287434
1524	0.0109695007635646
1525	0.0109318337757372
1526	0.0106586045928056
1527	0.0105269277690641
1528	0.0102289543627138
1529	0.0100882759117243
1530	0.00992831609552514
1531	0.00982977003166945
1532	0.0095706682324943
1533	0.0094235763284523
1534	0.00945342713671886
1535	0.00920064452993111
1536	0.00921366421773553
1537	0.0091535104695374
1538	0.00915457183397597
1539	0.00896221989937434
1540	0.00879557183631918
1541	0.00875392992417182
1542	0.00867262717148347
1543	0.00858403545990364
1544	0.00854950197350945
1545	0.00833750600978308
1546	0.00823269667088372
1547	0.0084889615968204
1548	0.00850028991811357
1549	0.00830444820871718
1550	0.00814488780211608
1551	0.00815231682063995
1552	0.00806708387750672
1553	0.00786554765233429
1554	0.00771119394925346
1555	0.00722422098619449
1556	0.00557411881189384
1557	0.00670144175148884
1558	0.00740192630456228
1559	0.00730477071865396
1560	0.00698676505704954
1561	0.00694726717562455
1562	0.00689205598806585
1563	0.0068795571303773
1564	0.00685695587258855
1565	0.00670216920950343
1566	0.00647097336012537
1567	0.00632881336580018
1568	0.00639153611653302
1569	0.00639626193089724
1570	0.00618519366253063
1571	0.00613655888714048
1572	0.00621039587562193
1573	0.00611467656662823
1574	0.00596899644237883
1575	0.00590884429181909
1576	0.00585911566667639
1577	0.00578408630740821
1578	0.00580603093581775
1579	0.00576768122385065
1580	0.00570523486455967
1581	0.0056438557277147
1582	0.00566441360599979
1583	0.00557059708433123
1584	0.00552398651678404
1585	0.00545872085827691
1586	0.00536927813798015
1587	0.00531816718284588
1588	0.00539148637672441
1589	0.0051937676552356
1590	0.00510694884297962
1591	0.00512335882596158
1592	0.00502840435972085
1593	0.0050443039504911
1594	0.00497243599807346
1595	0.00485723812203784
1596	0.00481816776864662
1597	0.0048584387472896
1598	0.00479213153505996
1599	0.00461691395268732
1600	0.0046589253985948
1601	0.00471205528936533
1602	0.00455351635949761
1603	0.00462736703441462
1604	0.00463057477277854
1605	0.00452357858644789
1606	0.00455712782108325
1607	0.00448617206693295
1608	0.00449477849169728
1609	0.00452409105558951
1610	0.00445690721917405
1611	0.00453749284524273
1612	0.00455271338644167
1613	0.0044413962273154
1614	0.00444497264736563
1615	0.00450440325117283
1616	0.00443996554213516
1617	0.00439132272529843
1618	0.00452704381086603
1619	0.00430794937999914
1620	0.00432594134451708
1621	0.00440155591872835
1622	0.00438067867252865
1623	0.00435560640069325
1624	0.0043235817923756
1625	0.0043895959444695
1626	0.00436827785658277
1627	0.0044048652136394
1628	0.00454843959723323
1629	0.00452262783184067
1630	0.00449472875188867
1631	0.00441567025510451
1632	0.00441317761968495
1633	0.00451957501114619
1634	0.00460747356068225
1635	0.00451953182165499
1636	0.0044800856504593
1637	0.00462138377212649
1638	0.00456641180428972
1639	0.0046659056404943
1640	0.00464145042986058
1641	0.00461689057391218
1642	0.00464642760599851
1643	0.00469335125741597
1644	0.00474827593515633
1645	0.00481870659882171
1646	0.00481145720810774
1647	0.00489290268315912
1648	0.00490270414144084
1649	0.00504868334359727
1650	0.00505726793397024
1651	0.00502853946667422
1652	0.0050580384217122
1653	0.00502968726334981
1654	0.00505342231185092
1655	0.00517996863942345
1656	0.00523607162873269
1657	0.00538703162834074
1658	0.00536513492908296
1659	0.00534801463607182
1660	0.0053885536451824
1661	0.00544494282478231
1662	0.00543175591749284
1663	0.00553764153212244
1664	0.00549678352787953
1665	0.0056139990614407
1666	0.0056456935444119
1667	0.00561350485863137
1668	0.0056460295810204
1669	0.00579987576763862
1670	0.00575730402994699
1671	0.0056445001085329
1672	0.00569207351948448
1673	0.00572646108823885
1674	0.00569878306818571
1675	0.00584688894006065
1676	0.00581516410196
1677	0.00583862595429604
1678	0.00573072039219253
1679	0.00574337422080513
1680	0.00573458720964786
1681	0.00573200968637506
1682	0.00561821576170392
1683	0.00574371078995976
1684	0.00566174714752316
1685	0.00577714616623236
1686	0.00573273714438966
1687	0.00568164733133678
1688	0.00561505297023344
1689	0.00549504529730879
1690	0.00559534663321141
1691	0.00560415973912908
1692	0.00549202682583973
1693	0.00552595906765232
1694	0.00541070064112163
1695	0.00537160802730215
1696	0.00538264557840794
1697	0.00525911804183214
1698	0.00517627947935734
1699	0.00518119621150943
1700	0.00529235392632416
1701	0.00510894173711009
1702	0.0050605010747846
1703	0.00494211122375053
1704	0.0048541411000145
1705	0.0048662605185849
1706	0.00491391295938228
1707	0.00475045676481634
1708	0.00471366576211931
1709	0.00467951821190607
1710	0.00464545656138372
1711	0.00450843883249699
1712	0.00447291544935497
1713	0.00431293363900061
1714	0.00449040266665019
1715	0.00438110018279113
1716	0.00420837017664981
1717	0.00414049722554117
1718	0.00418910494758787
1719	0.00418855642507321
1720	0.00408782591024382
1721	0.0039868826432352
1722	0.00373018353243813
1723	0.00390787090400132
1724	0.00382409681773864
1725	0.00372561418012712
1726	0.00357581119024273
1727	0.00352924104294686
1728	0.00339775151567954
1729	0.00331366562365732
1730	0.00334187757446113
1731	0.00328830029168617
1732	0.00321551305813763
1733	0.00319175569595365
1734	0.00309199063400469
1735	0.00316920652117648
1736	0.00297692126135042
1737	0.00300534809451799
1738	0.00306343327378047
1739	0.00302522431375573
1740	0.00284466438836331
1741	0.00279298856154817
1742	0.00284810825768161
1743	0.00272819532471361
1744	0.0027184273103289
1745	0.00269320725694222
1746	0.00267057836000928
1747	0.00269931444271497
1748	0.00261090853648015
1749	0.00253130817400796
1750	0.00255932004723045
1751	0.00251855747525418
1752	0.00248722357926811
1753	0.00261533063978601
1754	0.00257176863256426
1755	0.00253827270579659
1756	0.00240579791493278
1757	0.00244859049950484
1758	0.0023965753875498
1759	0.00240401883807381
1760	0.00241242161719775
1761	0.00242692556432316
1762	0.00240423313463682
1763	0.00228979711909585
1764	0.00240278572750807
1765	0.00237496125726899
1766	0.00242340293143213
1767	0.00245872362751679
1768	0.00232881059656031
1769	0.00211608184935804
1770	0.00207375801189026
1771	0.00221366656093851
1772	0.00217963537205483
1773	0.002172138081117
1774	0.00215330810200772
1775	0.00219204833005249
1776	0.00222312420743822
1777	0.00223692673805483
1778	0.00222038574872471
1779	0.00211862576896999
1780	0.00217789485153572
1781	0.0021607058068191
1782	0.00220235719828759
1783	0.00213051464832038
1784	0.00206858784103455
1785	0.00211680302332829
1786	0.00217528186069062
1787	0.00209899233751325
1788	0.0020274123327885
1789	0.00221093214957559
1790	0.00203575775669416
1791	0.00207238931507964
1792	0.0019864125647656
1793	0.00212704585584317
1794	0.00208345541065804
1795	0.00203314370075679
1796	0.00197472227186736
1797	0.00192806830181051
1798	0.00198229113700516
1799	0.00206925165978653
1800	0.00198044298891303
1801	0.00191797021533396
1802	0.00199689967619065
1803	0.00191066240430945
1804	0.0018759673966738
1805	0.00188559620349994
1806	0.00187190135371096
1807	0.00177834556662802
1808	0.00181067388600403
1809	0.0019155268404315
1810	0.00196611531455689
1811	0.00188655760902977
1812	0.00190722716223847
1813	0.00181548448171226
1814	0.00180013144303599
1815	0.00173447681283496
1816	0.00167856735078963
1817	0.00176588941913915
1818	0.00187127614455347
1819	0.00173990803780396
1820	0.00191835519293188
1821	0.00167854956374886
1822	0.00182851407487471
1823	0.00175084818622243
1824	0.00182625501418809
1825	0.00165693948081865
1826	0.00169836177094168
1827	0.00177268683795196
1828	0.00179216588428539
1829	0.00171986523813652
1830	0.0016903180344191
1831	0.00179322937890849
1832	0.00177805053607159
1833	0.00177800175484601
1834	0.001753904574976
1835	0.00179635638327899
1836	0.00171828980691794
1837	0.00171572810026523
1838	0.00170875190571633
1839	0.00174272068019348
1840	0.00172052245331647
1841	0.0017344057179265
1842	0.00172173777684144
1843	0.00166035086482296
1844	0.00171771843817427
1845	0.00175590865257521
1846	0.00178236948519192
1847	0.00174870495431926
1848	0.00177803376086847
1849	0.00164037101210818
1850	0.00163690328472323
1851	0.00167054598120453
1852	0.00161741965849308
1853	0.00159527878683435
1854	0.00159902487608184
1855	0.00155838111514734
1856	0.00156116073967675
1857	0.00154552779475416
1858	0.00160430171592754
1859	0.00164520903394215
1860	0.00156180725067948
1861	0.00160873548199366
1862	0.00160981266305231
1863	0.00161306763825803
1864	0.00159836009874683
1865	0.00150720604145893
1866	0.00151204305145525
1867	0.00156442333029214
1868	0.00159965514442758
1869	0.00160861661769727
1870	0.00164914865045355
1871	0.00163541721474539
1872	0.001658426030088
1873	0.00169192243614719
1874	0.00166413252815199
1875	0.00164411710135567
1876	0.00169946131893783
1877	0.00167033977934271
1878	0.00161073141163707
1879	0.00159257941700684
1880	0.00167678827393065
1881	0.00167830272861726
1882	0.00169291126780275
1883	0.00160001929947178
1884	0.00161285941272091
1885	0.00169000164876282
1886	0.00181007514438923
1887	0.00171591395886486
1888	0.00168662019385105
1889	0.00167628294090719
1890	0.00176089397666894
1891	0.00177391590116711
1892	0.00173904818882126
1893	0.00170701143845183
1894	0.00180090896038688
1895	0.00181920724543922
1896	0.00180871858963039
1897	0.0018085850270608
1898	0.00190487820776499
1899	0.00189604326745596
1900	0.00176978994676456
1901	0.00188471100532141
1902	0.00187079419030515
1903	0.00194733305158093
1904	0.00196084965817994
1905	0.00200797951145922
1906	0.00194338587291447
1907	0.00190472339660478
1908	0.00197798129442367
1909	0.00190765224056003
1910	0.00191132622306142
1911	0.0019468881625433
1912	0.00196457849293279
1913	0.00200325625331643
1914	0.00193630253008406
1915	0.00183166999650011
1916	0.00182573088228622
1917	0.00187068091774314
1918	0.00191575232046325
1919	0.00182991222148636
1920	0.00185204089783869
1921	0.0019296274903721
1922	0.0019118401833322
1923	0.00188195321518336
1924	0.00189839520418777
1925	0.00172862764566255
1926	0.00188520771109756
1927	0.00176603065037303
1928	0.00169322003804936
1929	0.00166495371428559
1930	0.00172099322409605
1931	0.00169907229398932
1932	0.0016591522632465
1933	0.00166108524593726
1934	0.00185934008161589
1935	0.00167029302179243
1936	0.00157116232879441
1937	0.00159335698761234
1938	0.00161306156723214
1939	0.0015594725684423
1940	0.001554039319798
1941	0.00156919936375649
1942	0.00165671245640311
1943	0.00155389457375966
1944	0.0015480239982328
1945	0.00160177606264787
1946	0.00153325244667669
1947	0.00158300088253545
1948	0.00163785755413491
1949	0.00161224080713544
1950	0.0015760501436916
1951	0.00155433333851678
1952	0.0016332201424284
1953	0.00155537856680759
1954	0.001561639125866
1955	0.00158917767208749
1956	0.00155032166851389
1957	0.00161217732763665
1958	0.00161521901811701
1959	0.00161370909007251
1960	0.0016464939612464
1961	0.00163541923842069
1962	0.00158108009515108
1963	0.00149856153964625
1964	0.00159644032320012
1965	0.00157791810249979
1966	0.00151372211615087
1967	0.00151423964448072
1968	0.00147426066088123
1969	0.00150814715698118
1970	0.0015340239462563
1971	0.00148615715564129
1972	0.00147542475346842
1973	0.00150416797229226
1974	0.00160531595003354
1975	0.00157583424949019
1976	0.00159715894094894
1977	0.00150565249788632
1978	0.00158906647645539
1979	0.00158128885323433
1980	0.00165953521716912
1981	0.00156884388921422
1982	0.00170333692340432
1983	0.00172244425253849
1984	0.00173017815372221
1985	0.00172977544233814
1986	0.00171457620298443
1987	0.00170966964246344
1988	0.00177604997327683
1989	0.00175168566826764
1990	0.00172109531318931
1991	0.0016394207900471
1992	0.00164048630834549
1993	0.00179047568937564
1994	0.00181368000240285
1995	0.00166271148205671
1996	0.00172781806903459
1997	0.00178016937736197
1998	0.00162491535179252
1999	0.00166649208029347
2000	0.00161911848065015
2001	0.00159239052289426
2002	0.00161094320523327
2003	0.00162783817797649
2004	0.00151752912867571
2005	0.00159193034978269
2006	0.0016903180344191
2007	0.00155268883606505
2008	0.00164680326403914
2009	0.00163223184331896
2010	0.00163737203182751
2011	0.00163995866163915
2012	0.00171172452496353
2013	0.00178302920333868
2014	0.00181120462147793
2015	0.00173326250114764
2016	0.00173175869738364
2017	0.00174227573790124
2018	0.00179218569500146
2019	0.00177959241688393
2020	0.00174780702828821
2021	0.00192475799506181
2022	0.00187229442601006
2023	0.00196170950716264
2024	0.00202183588248965
2025	0.00191714498184976
2026	0.0018799359304401
2027	0.00189022802347208
2028	0.00201317508476537
2029	0.00204982283255322
2030	0.00201845698379931
2031	0.00207626641067529
2032	0.00209002729618448
2033	0.00204978986794773
2034	0.00209057784237444
2035	0.00203938807041282
2036	0.00207241876488067
2037	0.00205080862869584
2038	0.00200746043874559
2039	0.00196974509572943
2040	0.00193338071573774
2041	0.00196668311524149
2042	0.00203321586075751
2043	0.00184070863570415
2044	0.00186142590504617
2045	0.00180768252113303
2046	0.00176082847349486
2047	0.00190699097802949
2048	0.00188045548244526
2049	0.0018425735589994
2050	0.00184444508586667
2051	0.00186063107994604
2052	0.00196815443369151
2053	0.00194085308351665
2054	0.00181911735165235
2055	0.00184941720281636
2056	0.00169392550190875
2057	0.00183184467163099
2058	0.00181259467338839
2059	0.00182564556839607
2060	0.00180076219067324
2061	0.00187394302906701
2062	0.00183298384105926
2063	0.00184420788982004
2064	0.00190652020724991
2065	0.00198999409725869
2066	0.0018783742389117
2067	0.00179532185916541
2068	0.0019112723826476
2069	0.00201681604940665
2070	0.00186303483341637
2071	0.00185315972400477
2072	0.00202608016864245
2073	0.00200140757267817
2074	0.00199335520890826
2075	0.00192926083236108
2076	0.00182217933214029
2077	0.00184706723650523
2078	0.0018843158560924
2079	0.00187144634629685
2080	0.00187945094067883
2081	0.00197009348740816
2082	0.0019239103413855
2083	0.00181017616839023
2084	0.00188925293150669
2085	0.00183679138613024
2086	0.00180369721216361
2087	0.00185702973673688
2088	0.00183387212800534
2089	0.00186477130658489
2090	0.00203287401939618
2091	0.00197770149468657
2092	0.00196772733169465
2093	0.0019540659790573
2094	0.00187503187288592
2095	0.0020487298881291
2096	0.0020526263151493
2097	0.0021928589185181
2098	0.00209198924938475
2099	0.00207622476556787
2100	0.0021216709742548
2101	0.00212495593180768
2102	0.0020587137434606
2103	0.00202274089138423
2104	0.00228841974178329
2105	0.00224627979249446
2106	0.00211189795393646
2107	0.00225210968149694
2108	0.002169428592913
2109	0.00218553837964106
2110	0.00217989994097259
2111	0.00221989617906672
2112	0.00234243488398695
2113	0.00224657636743468
2114	0.00206306214238196
2115	0.00209760127376514
2116	0.00230048537319448
2117	0.00229091903402948
2118	0.00235839736845525
2119	0.00225185421911802
2120	0.00230153869618648
2121	0.00228515310381731
2122	0.00214443753436254
2123	0.00224698371197008
2124	0.00237970581725701
2125	0.00257265436328891
2126	0.00245804766671303
2127	0.00250164620659935
2128	0.00260264895901078
2129	0.00235859137501068
2130	0.00225833573156607
2131	0.00229963516329675
2132	0.00244119077101816
2133	0.00254943327505858
2134	0.00236849092828968
2135	0.00236534358065699
2136	0.00243639130552406
2137	0.00225541647344118
2138	0.0023322153769926
2139	0.00242223889209955
2140	0.00241466289084359
2141	0.00243127193956922
2142	0.00235822828505874
2143	0.00234854356088887
2144	0.00236394900210441
2145	0.00243316886888693
2146	0.00232278819213157
2147	0.00235203626468736
2148	0.00256244348354187
2149	0.00249927041180088
2150	0.00255411739106077
2151	0.00243984385534428
2152	0.00248086753468846
2153	0.00248950798915054
2154	0.00249875490714632
2155	0.00268680498735842
2156	0.00256796918219447
2157	0.00266291603302553
2158	0.00271430795949837
2159	0.00272543045171202
2160	0.00284558004818051
2161	0.00284998132893266
2162	0.00277686093452473
2163	0.00272981288033113
2164	0.00281407504512263
2165	0.00299169132177737
2166	0.00295168342092297
2167	0.00301646803051021
2168	0.00300767872940458
2169	0.00301091389389423
2170	0.00302670883934979
2171	0.00308831058047741
2172	0.00326397102821238
2173	0.00320380758767467
2174	0.00328992397158419
2175	0.00326608933695663
2176	0.00354222893774727
2177	0.00366261525097088
2178	0.00342444901179675
2179	0.00350941104871327
2180	0.00363215441111155
2181	0.00366941517275051
2182	0.00378154702094759
2183	0.00397595058951792
2184	0.00380321147683776
2185	0.0039688525484143
2186	0.00405389883412871
2187	0.00391650885549659
2188	0.0040541969534527
2189	0.00412389270345765
2190	0.00416605858774305
2191	0.00395250806860643
2192	0.0040122510107193
2193	0.00401006970176778
2194	0.0042652888136129
2195	0.00402471120555876
2196	0.00408689091900208
2197	0.00443053580105269
2198	0.00417342178356516
2199	0.00392556682612518
2200	0.00428232501759
2201	0.00423083504937448
2202	0.00409085439358013
2203	0.00404772406825196
2204	0.00421443827353657
2205	0.00427294203405781
2206	0.00409146996365266
2207	0.00424731511542724
2208	0.00413504363363468
2209	0.0039326587962029
2210	0.00399826815998282
2211	0.00391934785891958
2212	0.00402771274206085
2213	0.00414916510612899
2214	0.00396464378308842
2215	0.00376194857777165
2216	0.00384889536086284
2217	0.00379931094921235
2218	0.00403328365387995
2219	0.00394181422277342
2220	0.00401935363171964
2221	0.00385318438089063
2222	0.00393910420202329
2223	0.00395012258146837
2224	0.00408089546140755
2225	0.00419746102241614
2226	0.00395456295110651
2227	0.00391939456321525
2228	0.00430334088554753
2229	0.00392718842909329
2230	0.00399374908002656
2231	0.00406132801241642
2232	0.00403362597453279
2233	0.00413436410477185
2234	0.00425836241212722
2235	0.00397328727306345
2236	0.00411963063026408
2237	0.00420824625316519
2238	0.00418939747517749
2239	0.00408333681263472
2240	0.00411509578694235
2241	0.00387351970814768
2242	0.00403673519186252
2243	0.00378899957801045
2244	0.00398536813529398
2245	0.00403673923921312
2246	0.00392800258561797
2247	0.00403339437022053
2248	0.00408303006606341
2249	0.0041229947774266
2250	0.00400800161212365
2251	0.00405996288366487
2252	0.00426327254070729
2253	0.00422565369505002
2254	0.00410794033736584
2255	0.00416916066895463
2256	0.00419293384775869
2257	0.00427288867293552
2258	0.00398963782389722
2259	0.00406250073225093
2260	0.00437814183578024
2261	0.00425356299988774
2262	0.00427222032754143
2263	0.00420295370320863
2264	0.00429031336931499
2265	0.00421917878617399
2266	0.00427330714768505
2267	0.00428623667542953
2268	0.00436492792840194
2269	0.00422191069457009
2270	0.00403182655441162
2271	0.00415939222853301
2272	0.00425022420192104
2273	0.00412924218259558
2274	0.00442689686008671
2275	0.00425086874250308
2276	0.00430452473559617
2277	0.00439481942319289
2278	0.00422533885377753
2279	0.00440296780503018
2280	0.00441339601685317
2281	0.0042776860614997
2282	0.00427695780466591
2283	0.00436882281103836
2284	0.00434552146810613
2285	0.00428220870951504
2286	0.00429831700511393
2287	0.00437409304731204
2288	0.00449217109258655
2289	0.00439219322520375
2290	0.00421898531216469
2291	0.00417185396775625
2292	0.00433274893496099
2293	0.00424323533277423
2294	0.00418615570711582
2295	0.00416176802333148
2296	0.00417527855890461
2297	0.00421015489849777
2298	0.00424946750712387
2299	0.00405994456407797
2300	0.00419430558008226
2301	0.00408712049963904
2302	0.00419874035798603
2303	0.0040989285917414
2304	0.00418971189041308
2305	0.00408204629359609
2306	0.00382918827827623
2307	0.00412076878785471
2308	0.00423105903827707
2309	0.00450659776726839
2310	0.00436771005589817
2311	0.00432407695376797
2312	0.00449758144174723
2313	0.004496455479463
2314	0.004496224940243
2315	0.00451978936096381
2316	0.00430421900086251
2317	0.00455380585157428
2318	0.00473310417518297
2319	0.00457668866650236
2320	0.00463236402126861
2321	0.0044648392275184
2322	0.00476887386091045
2323	0.0048078563441901
2324	0.00505246346254251
2325	0.00494371360180333
2326	0.0047931508283542
2327	0.00464599693594258
2328	0.00464498424622036
2329	0.0046135827701303
2330	0.00453391690448401
2331	0.0045664031770424
2332	0.00464243670529472
2333	0.004657610542198
2334	0.00451722254186824
2335	0.00480538250764896
2336	0.00452707784056378
2337	0.00460230237798889
2338	0.00455981755182579
2339	0.00449183841101868
2340	0.00467098341459632
2341	0.00476027553084731
2342	0.00459873298754758
2343	0.00491365547332806
2344	0.0048345208224472
2345	0.0045744428662144
2346	0.00460045012929155
2347	0.00468181939699162
2348	0.00456654893491839
2349	0.00473105744063868
2350	0.00477648437115568
2351	0.00429686800034679
2352	0.00442939865529972
2353	0.00458578423488778
2354	0.00473710929486845
2355	0.00437110876530458
2356	0.00429176338591978
2357	0.00444129211454684
2358	0.00466073445780094
2359	0.00437596201795788
2360	0.00446215966840696
2361	0.00441645645295732
2362	0.00436817885625706
2363	0.00441107246483012
2364	0.00427141687519398
2365	0.00456359005536136
2366	0.00460555884432377
2367	0.00457930272243972
2368	0.00445841869160232
2369	0.00442184555352738
2370	0.00449358904991427
2371	0.00432429077103946
2372	0.00458447390513308
2373	0.00469250967476556
2374	0.00463521575254413
2375	0.00490589105725105
2376	0.0045514939623115
2377	0.004737601953294
2378	0.00456519238015955
2379	0.00469635124953429
2380	0.00479374962322361
2381	0.00484413796651307
2382	0.00472488118363277
2383	0.00477278754242529
2384	0.00460590420048956
2385	0.00483664019628372
2386	0.00498279817417624
2387	0.00478960636107181
2388	0.00520690386413342
2389	0.00504272292753815
2390	0.00498860218143676
2391	0.00532600184175754
2392	0.00547990607590401
2393	0.00550939741553233
2394	0.00568584219720865
2395	0.00571944213023565
2396	0.00582574685867014
2397	0.00570549261688695
2398	0.00577613432858394
2399	0.0058229035948781
2400	0.00571126222166743
2401	0.00589323003926569
2402	0.00597211023960528
2403	0.00585946128911525
2404	0.00591536691682844
2405	0.00589801922661947
2406	0.00603935909990331
2407	0.00587243464540629
2408	0.00596691365446149
2409	0.00625465791473255
2410	0.00604627314631875
2411	0.0060350492040672
2412	0.00588573445247547
2413	0.00601941897512988
2414	0.00593404650491039
2415	0.00605827194319053
2416	0.00631660048538384
2417	0.00619407493435304
2418	0.00620252910417859
2419	0.00650996372508776
2420	0.00638510189418138
2421	0.00628591464478427
2422	0.00620684965093731
2423	0.00636058134013742
2424	0.00611735420857361
2425	0.00603879034063568
2426	0.00590464569812431
2427	0.00571182778565828
2428	0.00595728575296378
2429	0.00600116648904478
2430	0.00577025927966958
2431	0.00550002140835445
2432	0.00529317207694482
2433	0.00555533005185508
2434	0.00546915130679365
2435	0.0053779107107595
2436	0.00551434476908693
2437	0.00535941325345425
2438	0.00546499425169706
2439	0.00538455422374052
2440	0.00533697921515055
2441	0.00531475276332862
2442	0.0053548653094977
2443	0.00551193180256853
2444	0.00537014672071939
2445	0.00539744769811195
2446	0.0052102796740562
2447	0.00509417428615919
2448	0.0051609375708952
2449	0.00527845591018631
2450	0.00530667041721155
2451	0.00506979826513512
2452	0.00529537527354232
2453	0.00512818209626772
2454	0.00480587159801543
2455	0.00477930207273345
2456	0.00498082812627478
2457	0.00479640628285144
2458	0.00498372150265772
2459	0.00500988064789136
2460	0.00487966337333039
2461	0.00494646425582323
2462	0.00503016469095602
2463	0.0050596986342748
2464	0.00495084466076705
2465	0.0052572267042488
2466	0.00525729779915725
2467	0.00512622679989409
2468	0.00488367408475024
2469	0.0052611601964797
2470	0.00534078638743924
2471	0.00537289625639242
2472	0.0054674476917214
2473	0.00517871726252543
2474	0.0053210519319815
2475	0.00560543092674317
2476	0.00545980778492975
2477	0.00573416117274327
2478	0.00601088013046954
2479	0.005796040370405
2480	0.00618696597605374
2481	0.00596828709093268
2482	0.00627122276212932
2483	0.00613882646856518
2484	0.00618065264167378
2485	0.00634182346777425
2486	0.00651068266236426
2487	0.00658306473481652
2488	0.00662518221065863
2489	0.00676402177985864
2490	0.00671214539617065
2491	0.00697797059024644
2492	0.00689228871072499
2493	0.00709403582416519
2494	0.00706233495064043
2495	0.00725322344847478
2496	0.00727447150654531
2497	0.00740075257289012
2498	0.00743045373569394
2499	0.0071960881717457
2500	0.00698526114677632
2501	0.00703575930107794
2502	0.00696148882004606
2503	0.00687689013935454
2504	0.00674300910717789
2505	0.00684031274091055
2506	0.00675500417622676
2507	0.00709542417192804
2508	0.00707391143843053
2509	0.00680206208252377
2510	0.00706437992778248
2511	0.00709543588794292
2512	0.00707524493394191
2513	0.00705001928882085
2514	0.00708290667512492
2515	0.00678954405317452
2516	0.00684295736499583
2517	0.00718060758827112
2518	0.00663786479676229
2519	0.0067251725396209
2520	0.00663009388362248
2521	0.00701988250328208
2522	0.00699565964252521
2523	0.00672423419333853
2524	0.00682686328837863
2525	0.00723044964573966
2526	0.0072148550973931
2527	0.00665208963646058
2528	0.0068571023227745
2529	0.00686957721588717
2530	0.00712438243287948
2531	0.00720083315777062
2532	0.00728189306942335
2533	0.00759804067757761
2534	0.00761335244392875
2535	0.00775529196415581
2536	0.00798074004314476
2537	0.00800895167442089
2538	0.0085350976657651
2539	0.00866862721749546
2540	0.00879526721993239
2541	0.00904846361506373
2542	0.00889709643068412
2543	0.0089093535124293
2544	0.00903563564386638
2545	0.00896976288277019
2546	0.00869201930628837
2547	0.00872019312678922
2548	0.00876434173357399
2549	0.00865999943763128
2550	0.00875392992417182
2551	0.00870624467853279
2552	0.00854417065419458
2553	0.00839332643011535
2554	0.0084525519504076
2555	0.0088025045218492
2556	0.00873126050047833
2557	0.00858116077588989
2558	0.00866776609040205
2559	0.00869692831652156
2560	0.00885694138733379
2561	0.00870887971678771
2562	0.00842491759913719
2563	0.00856811659096346
2564	0.00858698523292183
2565	0.00897339324974347
2566	0.00863476101140309
2567	0.00909461406275395
2568	0.0092314917320083
2569	0.0090925829318113
2570	0.00929758336956422
2571	0.00939517404566135
2572	0.00968137392215326
2573	0.0096922218868365
2574	0.00964881085644282
2575	0.0100805923361499
2576	0.00952895336152703
2577	0.0101941380943241
2578	0.0103420804745369
2579	0.0106709511423008
2580	0.0106015955295095
2581	0.0109760809035561
2582	0.0118186088233521
2583	0.0118229671808861
2584	0.0120795266048331
2585	0.0125708749669023
2586	0.0132467335217979
2587	0.0133641056239215
2588	0.0135132989549954
2589	0.0140510480614362
2590	0.01447435992748
2591	0.0145639554885163
2592	0.0149905627500171
2593	0.0148483047672038
2594	0.0154882217837356
2595	0.0158343900823721
2596	0.0162036927174743
2597	0.015937563972104
2598	0.0157597201917422
2599	0.0160482206675189
2600	0.0161006610175593
2601	0.016162136545254
2602	0.0161965784337137
2603	0.0166457028107146
2604	0.0169087358654269
2605	0.0166806548783675
2606	0.0163524355145216
2607	0.016564468223931
2608	0.0166748613090112
2609	0.0164300865983914
2610	0.0168133243680967
2611	0.016564504969614
2612	0.0171099866458732
2613	0.0170989959588269
2614	0.0168214968210191
2615	0.0167294558081505
2616	0.0166958281827247
2617	0.0169534042372352
2618	0.0164779742115601
2619	0.01651939831234
2620	0.0167177823969646
2621	0.0164824593150732
2622	0.016895624579688
2623	0.0170154719562273
2624	0.0172209144072687
2625	0.0176873193736661
2626	0.0177973982565292
2627	0.0179947225743536
2628	0.0176569743625902
2629	0.0177627529354475
2630	0.0178695183162851
2631	0.0178434176978712
2632	0.0180565698192474
2633	0.0180595632610484
2634	0.0183054019988373
2635	0.0184443480772635
2636	0.0184550277573694
2637	0.018855280375952
2638	0.0190668007759836
2639	0.0190581341202519
2640	0.0194489404355673
2641	0.0192924213999189
2642	0.0197163387709134
2643	0.0194510818035591
2644	0.0190457566830812
2645	0.0195700872246657
2646	0.0190203744693977
2647	0.0189833220398051
2648	0.0189786595984304
2649	0.0190006713276524
2650	0.0184915439130084
2651	0.0183801586944866
2652	0.019017471560439
2653	0.0192772054918713
2654	0.0196259555741497
2655	0.0201299204866023
2656	0.0204070111615278
2657	0.021173407351565
2658	0.0213124657972247
2659	0.0222999911171305
2660	0.0225612183079135
2661	0.0223941878767364
2662	0.0226808409499856
2663	0.0226190102140218
2664	0.0229015637471565
2665	0.0231981509359285
2666	0.0229444326455891
2667	0.0235492085405914
2668	0.0233415059637711
2669	0.022874018863636
2670	0.0234314242477626
2671	0.0236265784401042
2672	0.0238671955630813
2673	0.024008783602862
2674	0.0231387092019072
2675	0.0236099326456956
2676	0.0239238664595843
2677	0.024255054235563
2678	0.023540196794967
2679	0.0233738150049772
2680	0.0230916086919197
2681	0.0234634185542054
2682	0.0237545977370198
2683	0.0240026380205132
2684	0.0248157203996482
2685	0.0251316150483903
2686	0.0256027245273067
2687	0.0262640797208777
2688	0.0271857013920117
2689	0.0283185159473069
2690	0.0281836039058211
2691	0.0277026252820098
2692	0.0282605775910127
2693	0.0285660423237842
2694	0.0287326312742189
2695	0.028547764808031
2696	0.0283137294226838
2697	0.0283397448337167
2698	0.0292227089812201
2699	0.0298216955672351
2700	0.0296588829014136
2701	0.0306495204209074
2702	0.0316731028416875
2703	0.032781198203232
2704	0.0337135602647308
2705	0.0341657845927588
2706	0.0350549529026853
2707	0.0358892668309607
2708	0.0385142681889533
2709	0.040452004386476
2710	0.0420018456983799
2711	0.0438788849506511
2712	0.0455108555268383
2713	0.048758179109749
2714	0.0514145474348424
2715	0.0541996694379657
2716	0.0580644419161521
2717	0.0619126735115176
2718	0.0672996119442854
2719	0.0715979994585071
2720	0.0741721463888366
2721	0.0749600696911168
2722	0.072534577687723
2723	0.0693305724721792
2724	0.065045253640006
2725	0.0643195477021806
2726	0.0630003137761802
2727	0.0634379814882704
2728	0.0646130178984494
2729	0.0665483757449521
2730	0.0679400359447336
2731	0.0695358264018904
2732	0.0738948442930972
2733	0.0760694218615299
2734	0.0772686678188124
2735	0.0778184577932694
2736	0.0767630898241298
2737	0.0754919661155808
2738	0.0730674539970676
2739	0.069329459450766
2740	0.0652793609190809
2741	0.0613487976919025
2742	0.0574968702263896
2743	0.053672853503589
2744	0.0494691686677975
2745	0.0464261974139986
2746	0.0440364722738378
2747	0.0408429912349297
2748	0.0382583723174853
2749	0.0367520011485955
2750	0.0346270616724632
2751	0.0337658025076106
2752	0.0333808467440875
2753	0.0331898022102368
2754	0.0325830862496802
2755	0.0328613288218865
2756	0.0346899894534564
2757	0.0357225697736615
2758	0.0381447546655834
2759	0.0395869865110325
2760	0.0411112027682174
2761	0.0419009042420282
2762	0.0412245195315554
2763	0.0391419861712681
2764	0.0376106316657468
2765	0.0359050877114128
2766	0.0342844369357807
2767	0.0325163592845903
2768	0.0303570471509954
2769	0.0293054075373171
2770	0.0284649874351066
2771	0.0272844567464967
2772	0.0272708560508637
2773	0.0269791299431731
2774	0.0268792493187137
2775	0.0264786819653679
2776	0.026766104567776
2777	0.0263177135067971
2778	0.0260108939766689
2779	0.0253681693769359
2780	0.0247176131538042
2781	0.0248823067725596
2782	0.0255066382940289
2783	0.024870321289341
2784	0.0248084234525647
2785	0.0246317209185611
2786	0.0251976124252811
2787	0.0255708095702374
2788	0.025572270344274
2789	0.0259964843434633
2790	0.0264469518018059
2791	0.0272026565957223
2792	0.0272362453452805
2793	0.0278414297031652
2794	0.0282602607260649
2795	0.0290508946881506
2796	0.0292906181987202
2797	0.0306225240599016
2798	0.031643920378815
2799	0.0319654562887201
2800	0.0329711781773673
2801	0.0338395521585266
2802	0.034095819747194
2803	0.0347876924967871
2804	0.0360658937434137
2805	0.0377541006584613
2806	0.0381155290664743
2807	0.039902401868257
2808	0.0413233728745285
2809	0.0420890053934142
2810	0.0440434406399585
2811	0.0452290779134161
2812	0.0473281723932772
2813	0.0481582280826912
2814	0.0487861612136428
2815	0.0517220843046087
2816	0.053029904701935
2817	0.0534934866412933
2818	0.0553748230082934
2819	0.0571217127791261
2820	0.0586086454816976
2821	0.0611361999510483
2822	0.0628466688919994
2823	0.0653675239310255
2824	0.0675801465950385
2825	0.0697963692708953
2826	0.0715084305247773
2827	0.075728816007229
2828	0.0788415321650407
2829	0.0808305227323706
2830	0.0834994575485112
2831	0.087005251330886
2832	0.0906500449788462
2833	0.095084311638327
2834	0.10096913809965
2835	0.106797780944179
2836	0.113443882099399
2837	0.12237306177173
2838	0.132819039333644
2839	0.144624207757749
2840	0.159507040153339
2841	0.176555146536458
2842	0.198484533475743
2843	0.22394947820065
2844	0.250109635271936
2845	0.275872251982083
2846	0.300151141917366
2847	0.324894971252095
2848	0.344642964032473
2849	0.363105614122612
2850	0.385935504616216
2851	0.41420842662654
2852	0.442072837825431
2853	0.466898604707835
2854	0.486723502474955
2855	0.505583091149104
2856	0.517918276109831
2857	0.527326566234147
2858	0.538928163574313
2859	0.550333650801833
2860	0.567670849852027
2861	0.586626137065871
2862	0.608473735570396
2863	0.635511315646695
2864	0.659935478840983
2865	0.685131407887945
2866	0.720612400357956
2867	0.761201894841737
2868	0.810983242051376
2869	0.869623014854416
2870	0.918631744137572
2871	0.949956853112487
2872	0.971818936871769
2873	0.979064226980534
2874	0.99454662111196
2875	1
2876	0.988512820196024
2877	0.960917131774705
2878	0.913953539397443
2879	0.859868899923718
2880	0.810894999157512
2881	0.776352459479097
2882	0.745401038124125
2883	0.711992874958807
2884	0.681396448854589
2885	0.651725694434829
2886	0.629108353752927
2887	0.609309034176467
2888	0.589957958678254
2889	0.575827379645107
2890	0.566477094445352
2891	0.558187800901877
2892	0.554765339938041
2893	0.556007983079518
2894	0.55854434053641
2895	0.565025533456784
2896	0.575252762370035
2897	0.585810010120506
2898	0.592129522035587
2899	0.597493007136757
2900	0.595851060906449
2901	0.591774473530221
2902	0.592354522775826
2903	0.58715756484974
2904	0.584268768363522
2905	0.583899980167982
2906	0.584743373475241
2907	0.584091750029663
2908	0.586692971605279
2909	0.590478575775669
2910	0.597989127112158
2911	0.60854552278882
2912	0.615551859448721
2913	0.621888466094598
2914	0.623408672279419
2915	0.627461135315924
2916	0.630040149717889
2917	0.627861130714726
2918	0.619191545979287
2919	0.609227181836172
2920	0.599581972589211
2921	0.591334270898548
2922	0.582955083568204
2923	0.57695978573752
2924	0.577087170771994
2925	0.577413408531687
2926	0.579923830992012
2927	0.587314772467535
2928	0.597918937532126
2929	0.609246353496879
2930	0.623602199543331
2931	0.641462412148527
2932	0.659559394763452
2933	0.677014659290832
2934	0.693745448061947
2935	0.711299020605062
2936	0.721848280163572
2937	0.725070397273023
2938	0.724154098400466
2939	0.711076682595476
2940	0.699737177833555
2941	0.676236023593072
2942	0.650550684651957
2943	0.615162887754826
2944	0.577417189609215
2945	0.538814677993852
2946	0.503684660051307
2947	0.477905348019961
2948	0.454308202339411
2949	0.438434626447647
2950	0.429615076721791
2951	0.423945563986589
2952	0.42866267654703
2953	0.438743087817496
2954	0.452018126166143
2955	0.468486007563433
2956	0.487392012958338
2957	0.502991801558826
2958	0.516345369159913
2959	0.524775712871576
2960	0.535147512082939
2961	0.540590825849107
2962	0.540685565805767
2963	0.543688753200868
2964	0.536181237377325
2965	0.524099011828702
2966	0.511041135141249
2967	0.489745952063605
2968	0.467051637163966
2969	0.441479735874161
2970	0.415609379756303
2971	0.386841844876129
2972	0.360387626482369
2973	0.331688220228701
2974	0.305623522051351
2975	0.28391508317625
2976	0.265416954862881
2977	0.243663324123125
2978	0.227581836896457
2979	0.214080359933018
2980	0.199040564890852
2981	0.187510520448813
2982	0.176162484297877
2983	0.164218012456893
2984	0.155387428375208
2985	0.143973425735057
2986	0.135452655690394
2987	0.129370973551842
2988	0.123649952954875
2989	0.115073494561319
2990	0.108510630366334
2991	0.103416613607321
2992	0.0979462145449425
2993	0.0944553640069964
2994	0.089268801381382
2995	0.0850674597485658
2996	0.0818827966084906
2997	0.0792008676667599
2998	0.0760766698143693
2999	0.0733811130171529
3000	0.0706021381940168
3001	0.0682986045800245
3002	0.0647232070183615
3003	0.0633734741754535
3004	0.060949356141077
3005	0.0583221516397415
3006	0.0562908236550175
3007	0.0554329131402349
3008	0.0542676010224034
3009	0.051911082796225
3010	0.050886779307984
3011	0.0507005516538859
3012	0.0473698467907385
3013	0.0471659977177203
3014	0.0460528804461629
3015	0.0443590301397678
3016	0.0432237658722711
3017	0.0427544686478377
3018	0.0405978298958191
3019	0.0393677633637659
3020	0.0385201922321117
3021	0.0387700548884646
3022	0.0382742672218495
3023	0.0367002829311083
3024	0.036346005552539
3025	0.0361759321527709
3026	0.0361180225539677
3027	0.0351308417914085
3028	0.0335024525879505
3029	0.0313637052557404
3030	0.0321354588598528
3031	0.0313605238251553
3032	0.0302399109668077
3033	0.0307157984496091
3034	0.0310867913861302
3035	0.0299720919200184
3036	0.0295051043481539
3037	0.0292124095390515
3038	0.0287183318780623
3039	0.0274663739722126
3040	0.0265484779938093
3041	0.0265261600505621
3042	0.0257793088360693
3043	0.0265159250464753
3044	0.0263620980315178
3045	0.026251490862893
3046	0.025298330212258
3047	0.0249355486045268
3048	0.0241775810221009
3049	0.0245376423841962
3050	0.0237885443575779
3051	0.0234283812791715
3052	0.0233968114119949
3053	0.0229023460574225
3054	0.0224349154071773
3055	0.0224150881821836
3056	0.0235383137118487
3057	0.0215695039801433
3058	0.0216086530438526
3059	0.0209258671288883
3060	0.021033256121245
3061	0.0216573847426386
3062	0.0214532182721264
3063	0.022061078674318
3064	0.0209107465465981
3065	0.0205384717715403
3066	0.019867844417287
3067	0.0199470404174821
3068	0.0202125311725878
3069	0.0196182741287599
3070	0.0202471946002379
3071	0.0195470657879798
3072	0.0205335409269157
3073	0.0212546738911165
3074	0.0200718660352516
3075	0.0188695882928467
3076	0.0191409929727343
3077	0.0193903518404475
3078	0.0195260339436383
3079	0.0182213971070816
3080	0.0189835680761175
3081	0.0180071506034067
3082	0.0171615275254988
3083	0.0192858694848724
3084	0.0196230968665199
3085	0.0179976393295116
3086	0.0177748119100321
3087	0.0178739288633399
3088	0.0175258087831342
3089	0.0171022727151694
3090	0.0176281029066581
3091	0.0164835425139032
3092	0.0176305973527345
3093	0.0167758996887587
3094	0.0170151071621277
3095	0.0171349374971908
3096	0.0159623380181061
3097	0.0166267713283128
3098	0.0166088309142603
3099	0.0144707359510603
3100	0.01514807764693
3101	0.0166465847071071
3102	0.0161462032975682
3103	0.0154151537918669
3104	0.0161627590916808
3105	0.014830322282007
3106	0.0165390742942326
3107	0.0161849907624548
3108	0.0163193377724959
3109	0.0169906558390807
3110	0.0145959961264725
3111	0.0158385380841845
3112	0.0161370403088427
3113	0.0156753286714955
3114	0.0167385282640338
3115	0.0159101468996549
3116	0.0173237474674769
3117	0.0169030914089871
3118	0.0154487531923478
3119	0.0170690924284934
3120	0.0162364027659168
3121	0.0150613871250369
3122	0.0153052932529174
3123	0.0161039095489569
3124	0.0159732653321629
3125	0.0165945304530114
3126	0.0159193455689712
3127	0.0167272920732213
3128	0.0164624105508891
3129	0.0149498373497607
3130	0.0168853714690328
3131	0.0153018721765735
3132	0.0148814264738054
3133	0.0179366777088332
3134	0.0168959435748203
3135	0.0166107539383384
3136	0.0165959230611433
3137	0.0167907806252901
3138	0.0159802395562911
3139	0.0167433185164798
3140	0.0169824567588518
3141	0.0153877052991961
3142	0.0168061408533391
3143	0.0179179027949938
3144	0.0180799762867859
3145	0.0154091642455344
3146	0.0162806823790497
3147	0.0153205964985305
3148	0.0156188739887215
3149	0.0164661362436198
3150	0.0168479734170013
3151	0.0158365900304382
3152	0.0159017513099037
3153	0.0171642440433118
3154	0.0176822687061621
3155	0.0172887261688269
3156	0.0166737253881143
3157	0.0164447353448098
3158	0.0161047839897035
3159	0.0175136033583637
3160	0.0179733120897131
3161	0.018019693129878
3162	0.0172751803254453
3163	0.0155567993466298
3164	0.0167617808257405
3165	0.0180183606994589
3166	0.0181209636997386
3167	0.0184138880362234
3168	0.0182458723947044
3169	0.0187826970010623
3170	0.0188009702564465
3171	0.0176070220680726
3172	0.0188479328369861
3173	0.0208330193086316
3174	0.0167351151758819
3175	0.0176543968393174
3176	0.0168884389347458
3177	0.0175766408438598
3178	0.0177485525928712
3179	0.0174464924275135
3180	0.0181366754082339
3181	0.0184883811215379
3182	0.0177310754939525
3183	0.018336560740401
3184	0.0179470224174229
3185	0.0171785556880294
3186	0.0180692252454984
3187	0.0184432169492818
3188	0.0172704262861362
3189	0.0194690381939955
3190	0.0187532227029102
3191	0.0169920729443347
3192	0.0165632460305609
3193	0.0183030737071537
3194	0.0170598021612426
3195	0.0175068852889244
3196	0.0166561550936227
3197	0.0173155867305694
3198	0.0163506413666071
3199	0.0180484144078012
3200	0.0169286648067316
3201	0.0168091598573543
3202	0.0174493367563978
3203	0.0155314006240163
3204	0.0181774982644322
3205	0.0172783287381703
3206	0.0170549325594231
3207	0.0144552436515708
3208	0.0144347864245044
3209	0.0168642416362032
3210	0.0181390803865603
3211	0.0174682661086151
3212	0.0160612659175376
3213	0.0176723670759532
3214	0.0149974453762108
3215	0.0159774910857103
3216	0.0176056709985389
3217	0.0142416617654671
3218	0.0150203773451468
3219	0.0163304035485466
3220	0.0141872115863292
3221	0.0145866616578928
3222	0.0157669585587512
3223	0.0152351121936235
3224	0.0126044946041361
3225	0.0141762922604645
3226	0.0166854919948731
3227	0.0150905339073187
3228	0.0163017877147572
3229	0.0158281560973656
3230	0.0144977994128785
3231	0.0142973431912593
3232	0.0144390707581263
3233	0.0152603138741687
3234	0.012986606571321
3235	0.0145766231633283
3236	0.0149548123957142
3237	0.0153205927707076
3238	0.0139666490855437
3239	0.0134864772691205
3240	0.015350740207169
3241	0.0132006730744037
3242	0.0120336259212782
3243	0.0118134953154047
3244	0.0127136244897942
3245	0.0155960868723331
3246	0.0139924642592315
3247	0.0157123187931908
3248	0.0145517703004987
3249	0.014405934140233
3250	0.0137857884313513
3251	0.0133983648490583
3252	0.014939142225817
3253	0.0141545872778138
3254	0.0141106926955334
3255	0.0135537074903039
3256	0.0135039490425779
3257	0.0145128491665333
3258	0.016507993304404
3259	0.0143122219976061
3260	0.012976896125173
3261	0.012346631507261
3262	0.0145583706772432
3263	0.0132666369008883
3264	0.015286749996645
3265	0.0154713981189193
3266	0.0138581912731026
3267	0.015644948512375
3268	0.015690222389134
3269	0.0147921014462036
3270	0.0145769661230365
3271	0.0146069543282048
3272	0.0154534987109188
3273	0.0155401104159846
3274	0.0171807678846565
3275	0.0159971020969749
3276	0.0179594334049998
3277	0.0170827623551235
3278	0.014682798483053
3279	0.0148909239015011
3280	0.0167364177837177
3281	0.0158808627204714
3282	0.0162335174309804
3283	0.0151306713766467
3284	0.0179656066797474
3285	0.0156572955944163
3286	0.0167351135782435
3287	0.0151748423503689
3288	0.0167206996846688
3289	0.0164291487846552
3290	0.0166944307816776
3291	0.0168851680364108
3292	0.0167223740097038
3293	0.0177788161243891
3294	0.0161877839669106
3295	0.0176394834174721
3296	0.0176306420866095
3297	0.0173779276457265
3298	0.0164987605521353
3299	0.017500981482519
3300	0.0205129622793315
3301	0.0182235752207563
3302	0.0188870371668205
3303	0.018886957817447
3304	0.0194359756000144
3305	0.0194280688876112
3306	0.0187386746077105
3307	0.0205020221841677
3308	0.0190835749140098
3309	0.0207810939306996
3310	0.018909612862395
3311	0.0190121775193533
3312	0.021042168280743
3313	0.0197318166916573
3314	0.0201607059133283
3315	0.0227155475138723
3316	0.021102965344667
3317	0.0229887719038886
3318	0.0216581627925356
3319	0.0211435645314904
3320	0.0223165197513904
3321	0.0222905730388083
3322	0.021871348464318
3323	0.0224067043084473
3324	0.0202878166865448
3325	0.0226746612846845
3326	0.0222414696228231
3327	0.021535804993536
3328	0.0222743170681674
3329	0.0220384534519534
3330	0.0210813216048214
3331	0.0202890825486976
3332	0.0217825048584183
3333	0.021242403495718
3334	0.0204738132156222
3335	0.0234681358478315
3336	0.0203553195713472
3337	0.0221028867408581
3338	0.021365479699448
3339	0.0210691486653648
3340	0.0216991480753037
3341	0.02077622432888
3342	0.0205153166657755
3343	0.0220014132709218
3344	0.0204378940441958
3345	0.0212438397726326
3346	0.0209959475369635
3347	0.0202279403948808
3348	0.0204168435607398
3349	0.0202424107383454
3350	0.0193968121575595
3351	0.0211410312095465
3352	0.0205699212832913
3353	0.020973343083898
3354	0.0205444810220796
3355	0.019934168777502
3356	0.0199749085565039
3357	0.0198112810951023
3358	0.0174550653551263
3359	0.0181379412703867
3360	0.0218607438732165
3361	0.019539429609011
3362	0.0202117696316208
3363	0.0217201069608253
3364	0.0219560499264128
3365	0.0216705546084518
3366	0.0204629950735222
3367	0.022179197938663
3368	0.0228868271306265
3369	0.0215104073360147
3370	0.0182471606237947
3371	0.0204449657242659
3372	0.0199551138168242
3373	0.0206986249019849
3374	0.0201422292253222
3375	0.0203910944227722
3376	0.0195262858379581
3377	0.0192884150553773
3378	0.0171155000959648
3379	0.0193939028580473
3380	0.0219486390144573
3381	0.0223192133697197
3382	0.0210127403141042
3383	0.021135404327129
3384	0.0191213990029458
3385	0.0190602616420442
3386	0.0227902477596317
3387	0.02266823984344
3388	0.0191267420382756
3389	0.0207974473572824
3390	0.019603533784407
3391	0.0197816496958416
3392	0.0220231400879638
3393	0.0204187127976587
3394	0.0206685408385131
3395	0.0195473059662847
3396	0.0176581528871775
3397	0.0199510467620237
3398	0.0203114755809492
3399	0.016705845375444
3400	0.0226037373235382
3401	0.0210613681663947
3402	0.0177223380095854
3403	0.0175469258348566
3404	0.0219791682864945
3405	0.0215123942656285
3406	0.0218291175561501
3407	0.0176547563079557
3408	0.0183656787651917
3409	0.0202140164437464
3410	0.0190663944432859
3411	0.0176634533188168
3412	0.022341462614516
3413	0.0195095521734379
3414	0.0175918791188449
3415	0.0176801236103475
3416	0.0166829586729291
3417	0.0166410536829932
3418	0.0160291906640829
3419	0.0195622699800125
3420	0.0189222693537382
3421	0.0176046165572
3422	0.0183427286896873
3423	0.0176847290692862
3424	0.019908992126625
3425	0.0187461994845379
3426	0.0164597270509363
3427	0.0151686871821898
3428	0.0158019761295783
3429	0.0165634931319656
3430	0.0167380633512617
3431	0.0156505604835008
3432	0.0179669391101665
3433	0.0168964755884049
3434	0.0161122162035042
3435	0.0187150093227526
3436	0.01924776687431
3437	0.0143877897610125
3438	0.0170336914244523
3439	0.0163397507982334
3440	0.0139602223188379
3441	0.017792790667406
3442	0.0146239212479303
3443	0.0179471449030329
3444	0.0154120011187729
3445	0.0149106739073059
3446	0.0142009299746572
3447	0.0149868572940394
3448	0.0146640651078118
3449	0.0130189145474348
3450	0.013705976807829
3451	0.0159488773821055
3452	0.0143414928631363
3453	0.0106703520279037
3454	0.0157364473932825
3455	0.0153170811615215
3456	0.0150509470906898
3457	0.015562115754653
3458	0.0140653149722788
3459	0.0159988829312361
3460	0.0149459337866224
3461	0.0118369438540875
3462	0.0119866313879707
3463	0.0128832926219568
3464	0.0154751642851559
3465	0.01411706567508
3466	0.0163957043550983
3467	0.0185622772226399
3468	0.0195698433185378
3469	0.0163050980215059
3470	0.0129021990746904
3471	0.0120546071737372
3472	0.01591604112023
3473	0.015126098403022
3474	0.0133370054164202
3475	0.0160207375593496
3476	0.0186727661660236
3477	0.0166383994730776
3478	0.0178220625980284
3479	0.0180483984314173
3480	0.0136190248057857
3481	0.0134237300212656
3482	0.0114624121485275
3483	0.0161715200080777
3484	0.0127655264356964
3485	0.0130780479372465
3486	0.0162143010363987
3487	0.0145664786920837
3488	0.0176601398167913
3489	0.0211674412372623
3490	0.0147329116065021
3491	0.0129066953616723
3492	0.0130528185643025
3493	0.015921222261536
3494	0.0163965047719329
3495	0.0153040508227944
3496	0.0152972954751259
3497	0.0137312791395929
3498	0.0163702150996426
3499	0.0158836436763662
3500	0.0165353619151552
3501	0.0182565946785008
3502	0.0197586511586393
3503	0.0195340338516143
3504	0.0161137914749589
3505	0.0161900653945347
3506	0.0161914143338838
3507	0.0216499514637456
3508	0.0196579211231014
3509	0.0145057386105957
3510	0.0161968873104695
3511	0.0212271529721719
3512	0.0186093692118892
3513	0.0149613296952622
3514	0.0137997235659545
3515	0.0219996968747424
3516	0.0195150981088435
3517	0.019026375731745
3518	0.0215655769849752
3519	0.0153885067811229
3520	0.0207866116411602
3521	0.0165877756378891
3522	0.0151983611851409
3523	0.0155911560277086
3524	0.0183322929157092
3525	0.0216557674000395
3526	0.0190669371077931
3527	0.0152511109444833
3528	0.0177480243071096
3529	0.0188718819690318
3530	0.0185878676618605
3531	0.0164957303646514
3532	0.023799693210825
3533	0.0229514979351056
3534	0.0232805731005837
3535	0.0248299452393465
3536	0.0170260344761844
3537	0.0205529847186953
3538	0.0222210858871228
3539	0.0199856691836217
3540	0.0236365817866241
3541	0.0203588748493161
3542	0.021380163593911
3543	0.0188188962917535
3544	0.0225444276609573
3545	0.016792621104718
3546	0.0249811963286696
3547	0.019610767891047
3548	0.0208555401519546
3549	0.0271136787881977
3550	0.0209662144213918
3551	0.0254483505874729
3552	0.0178712453633871
3553	0.0198484741168734
3554	0.0201761998104562
3555	0.0240181894326232
3556	0.021680066414893
3557	0.0237311337544992
3558	0.0264545677440217
3559	0.025119923530636
3560	0.021227662618819
3561	0.0178536383232125
3562	0.0167536009171722
3563	0.0218173855648898
3564	0.0236427023393047
3565	0.0214116093778391
3566	0.0263578866567159
3567	0.0287693263653577
3568	0.0265342595446645
3569	0.0252708763941259
3570	0.0267723800913806
3571	0.0284510022411671
3572	0.0319424295265729
3573	0.0189613268195131
3574	0.0247949058341281
3575	0.0299418890987594
3576	0.030318704362128
3577	0.0375537738455518
3578	0.0297387754719477
3579	0.0326949954935946
3580	0.0322630553151406
3581	0.0284371192960848
3582	0.0180679780224602
3583	0.00956988112931306
3584	0.0256764539414698
3585	0.0306735632810721
3586	0.0222441435369456
3587	0.0266936106606362
3588	0.0365512275294823
3589	0.038877976426952
3590	0.0403315525700783
3591	0.0372004310854419
3592	0.0359107598602514
3593	0.0332136198033882
3594	0.0323578373429441
3595	0.0302208245134818
3596	0.0246072051574323
3597	0.0411742887154114
3598	0.0369731057813421
3599	0.0308710718598577
3600	0.0415692898965987