100	0.0641468421869318
101	0.0691125844181509
102	0.0723989276731176
103	0.0750065638516986
104	0.0793785786480739
105	0.0835591470624441
106	0.086380022346432
107	0.0888355207336497
108	0.091598217001871
109	0.0933063390196152
110	0.0943134952545668
111	0.0952449169885235
112	0.0962524778929267
113	0.0962743904135788
114	0.0954347154508739
115	0.0948605470395223
116	0.0936464481294414
117	0.0918177525375558
118	0.0902852231035129
119	0.0883665192154318
120	0.0869745336514721
121	0.084536782236426
122	0.0819480589308143
123	0.0796852586653737
124	0.0775356130341295
125	0.0753018518108015
126	0.0727057727653686
127	0.0699920933814849
128	0.0679086135637843
129	0.0665003572693585
130	0.0648346595140477
131	0.0636154602596205
132	0.0609457445799998
133	0.0592736598390095
134	0.0577082814329827
135	0.05688545449143
136	0.0556358342817282
137	0.0537809870444462
138	0.0527362493744839
139	0.0513236605700557
140	0.0500845617660945
141	0.0493922826988717
142	0.0481902323736505
143	0.0469208361848066
144	0.0458833787918306
145	0.0451007122276676
146	0.0441472147846786
147	0.0433586658925438
148	0.0422416838776955
149	0.0412285509862285
150	0.040538615040026
151	0.0397820444674187
152	0.0388249700860607
153	0.0379919301931047
154	0.0374776613501527
155	0.03654456717112
156	0.036004062730368
157	0.0351979998575639
158	0.0344044638153349
159	0.03397266924781
160	0.0330259757226628
161	0.0324036573062881
162	0.0325035031262838
163	0.0313621532187965
164	0.0309061633798672
165	0.0303468253021225
166	0.0296478894695859
167	0.0292557525083139
168	0.0284187725120965
169	0.0282027573176547
170	0.0276345504702514
171	0.0273579150373376
172	0.0270165249458908
173	0.0263312884477248
174	0.0260306426273518
175	0.0251843288217563
176	0.0250108652332816
177	0.0249426892784763
178	0.0245442945616293
179	0.0241605886855742
180	0.0241064148597641
181	0.023621897239428
182	0.0231728197961655
183	0.0230360867992391
184	0.0227480706275537
185	0.0221716043728826
186	0.0221455923337306
187	0.0219209441909889
188	0.0216116116550462
189	0.0214987607587599
190	0.0211612098390331
191	0.0209529267553009
192	0.0208096605634527
193	0.0207972874884035
194	0.020629620388926
195	0.0206033074417203
196	0.0203127123276559
197	0.0202815546664566
198	0.0201244033130071
199	0.0198883678284956
200	0.0195848723428239
201	0.0197663359350718
202	0.0197500265299029
203	0.0199569399631836
204	0.0196997409266553
205	0.0196999154344608
206	0.019495131939692
207	0.0195166388476071
208	0.0195040912647524
209	0.019908790901446
210	0.0200361561307186
211	0.0201420050192218
212	0.0206442394265957
213	0.0211543229120731
214	0.0218584204025093
215	0.0226318767276862
216	0.0232317572134216
217	0.0238456143594455
218	0.0246247643555073
219	0.0256650723570675
220	0.0257759244315172
221	0.0254527208832548
222	0.0251969094196012
223	0.0241765736005535
224	0.0230070949213984
225	0.0218937728540374
226	0.0206058731781031
227	0.0182176536812422
228	0.0168003069450805
229	0.0192781583672484
230	0.0193365345296708
231	0.0190434906466175
232	0.0187976893279987
233	0.0187464434601785
234	0.0187114617198263
235	0.0185538613625098
236	0.0185073272054367
237	0.0183984616901128
238	0.0184810378403669
239	0.0186211176140161
240	0.0183020060379701
241	0.0182065738505242
242	0.0186356593022801
243	0.0186474164119403
244	0.0186647153235304
245	0.0186254935151485
246	0.0188913141805514
247	0.0190532781762897
248	0.0191874492099749
249	0.0191663865894996
250	0.0193735952711215
251	0.0195744575283375
252	0.01969868822011
253	0.0200567329591949
254	0.0200618719782441
255	0.0202236586363206
256	0.0204140919297686
257	0.020887170327636
258	0.0210480561481222
259	0.021531195628438
260	0.0217222722425526
261	0.0218083734504768
262	0.0223026672810599
263	0.0226159238844117
264	0.0229743459376705
265	0.0231957274829513
266	0.0239717702967906
267	0.023953587526748
268	0.0246438677721343
269	0.0253718143482204
270	0.0254209406536685
271	0.0261232553346329
272	0.0262772881864347
273	0.0271713048797571
274	0.0274396082724246
275	0.0276966488369998
276	0.0282990346888502
277	0.0294199181322571
278	0.0300990430840906
279	0.0310721589775541
280	0.0319556580382776
281	0.0332479902124703
282	0.0346254595568728
283	0.0358435693166227
284	0.0365620443636573
285	0.0370143101116897
286	0.0371780701228959
287	0.0366544533212844
288	0.0353773127590203
289	0.0342034062980339
290	0.0332826965134755
291	0.0324545617047809
292	0.0314005770077005
293	0.030787033032441
294	0.0302868408380336
295	0.0295575170652126
296	0.0282829422393313
297	0.0271808660209249
298	0.0261950044546655
299	0.0259402268318485
300	0.0249664525251515
301	0.0242530419776168
302	0.0236775425905165
303	0.0234968298534748
304	0.023059834010062
305	0.0229671892310762
306	0.0226182028620223
307	0.0223887052888599
308	0.0226988094322884
309	0.0230217865920465
310	0.0234548404456269
311	0.0237561824106508
312	0.0241852546564106
313	0.0254537622703749
314	0.0257534119813286
315	0.0262874822721294
316	0.0259814983994804
317	0.0255106197432471
318	0.0243668238966272
319	0.0227986165775812
320	0.021046350688056
321	0.019553659027784
322	0.018359563428635
323	0.0174933925213501
324	0.0165870650098172
325	0.0156869028118867
326	0.0153802586394334
327	0.0152310525792018
328	0.0144695495670556
329	0.0140554019834463
330	0.0140625596333261
331	0.0139294450793279
332	0.0131932890901022
333	0.0130763565977392
334	0.0127471131928373
335	0.012574344805728
336	0.0127767455614883
337	0.012296524606308
338	0.012121602698551
339	0.0121435105027759
340	0.01196565214746
341	0.0117671556501147
342	0.0119041320146832
343	0.0115584075266631
344	0.0115853534183957
345	0.0115857420519948
346	0.0114293821150252
347	0.0112006835046261
348	0.0105920804584745
349	0.0109203032285359
350	0.0109768767724923
351	0.010861123386923
352	0.0109900148520292
353	0.0105767671627248
354	0.0104665565223707
355	0.0106515612081411
356	0.0106789193156087
357	0.0107012110370056
358	0.0105375934619
359	0.010565060990478
360	0.0106299062044128
361	0.0102197713570434
362	0.0101783356577459
363	0.0101214121548931
364	0.0101657814718932
365	0.0100737451120128
366	0.0101045924323039
367	0.0101785092222659
368	0.0100682146295081
369	0.0100111722726906
370	0.00998976440974621
371	0.0104367458727725
372	0.0102032855574982
373	0.0102609165244271
374	0.0103450443792215
375	0.0103782687788085
376	0.010631902196393
377	0.0105602596676145
378	0.0105717432244986
379	0.010711480585535
380	0.0108415473842931
381	0.0114647241904135
382	0.0115313399511095
383	0.011215153503197
384	0.0112764406444715
385	0.0112084580631803
386	0.0113132202868625
387	0.0111559651720152
388	0.0110794637799617
389	0.0106035640153586
390	0.0104527704057401
391	0.0102023064272168
392	0.00982250103643487
393	0.00972579824350819
394	0.00949893620985083
395	0.00952805354465443
396	0.00950951609928834
397	0.0095245416929804
398	0.0095044648057846
399	0.00958405262778098
400	0.00950779366008427
401	0.00979310543242798
402	0.00979239325192466
403	0.00960036203294991
404	0.00933440176130257
405	0.00950766537326512
406	0.00959903011391587
407	0.0096081092362265
408	0.00905781830341625
409	0.00924731000934324
410	0.00972855546683432
411	0.00958562885774265
412	0.00942117053232899
413	0.00952842425583033
414	0.00957401890061026
415	0.00983334032936698
416	0.00969857596914325
417	0.0096500269543813
418	0.00955466457005758
419	0.00955939608979889
420	0.00937575662103838
421	0.00966369138719085
422	0.0098491601693952
423	0.00958193966840687
424	0.00958722961312563
425	0.00931547709726546
426	0.00940513449127909
427	0.00945957573850996
428	0.00956459076268872
429	0.00965070611989441
430	0.00989325687690455
431	0.0101075892501305
432	0.0102827026448309
433	0.0103865366756452
434	0.0107947359013022
435	0.0104406086266283
436	0.011220665119993
437	0.0113317690516538
438	0.0114041473430715
439	0.0115680413008095
440	0.011297766441583
441	0.0115547900270204
442	0.0121542432044538
443	0.0123286170633732
444	0.0130471458776776
445	0.013177686205724
446	0.0133083246354556
447	0.0139711015074173
448	0.0149812328646305
449	0.0154382763533906
450	0.0160049399858224
451	0.0172975947636339
452	0.0177663142395068
453	0.0189365777321437
454	0.0205697981699319
455	0.0223380357684404
456	0.0239042452089354
457	0.0253980886207233
458	0.027041483335212
459	0.0283232224139712
460	0.0283509040683429
461	0.0272034275219562
462	0.0256184731132994
463	0.0232061121123038
464	0.0202453353356139
465	0.0162195421386828
466	0.0143850821295046
467	0.0132256352909493
468	0.0125535878097337
469	0.0122643661192624
470	0.0119770545817968
471	0.0116351447400753
472	0.0111122835100972
473	0.0108201338616361
474	0.0107911749987855
475	0.0104007708528574
476	0.0102268818426515
477	0.00997655558380172
478	0.00973521411871908
479	0.00959047828816333
480	0.00974424607675797
481	0.00928906161493296
482	0.0093074941669587
483	0.00915396257703694
484	0.00924754205756022
485	0.00917787901326684
486	0.00900732263050236
487	0.00875758290653598
488	0.00868227939265624
489	0.00872428285545707
490	0.00864741584596903
491	0.00850243117671557
492	0.00839460940672534
493	0.00823144404265726
494	0.00809735884794663
495	0.00795193790917954
496	0.00787046766676933
497	0.00765765775623524
498	0.00744726143014335
499	0.00746444978868048
500	0.00726078965253609
501	0.00717197876287172
502	0.00698909090394572
503	0.00700299219572796
504	0.00665614114191305
505	0.00680764334755022
506	0.0064605961846934
507	0.00644533014754399
508	0.00642954954818986
509	0.00632529547237141
510	0.00602455098434193
511	0.00590484023338768
512	0.00571887122691722
513	0.00576563809250706
514	0.00598428901511096
515	0.00594830729786926
516	0.00573200251479897
517	0.00562439392731703
518	0.00552561835897576
519	0.00545197814030333
520	0.00552257682941956
521	0.00564741433671234
522	0.00556753371891698
523	0.00535664348857139
524	0.00517115225617369
525	0.00519300138804452
526	0.00553231936437654
527	0.00553871899008088
528	0.00529017299383233
529	0.00509439495078173
530	0.00451625106296478
531	0.00404359176681607
532	0.00478836174430456
533	0.00528898105835683
534	0.00522031195392617
535	0.00555433677836896
536	0.00548687309839552
537	0.00555747810752417
538	0.00574109012667852
539	0.00554339061119708
540	0.00555880587610229
541	0.0057653789719981
542	0.00584005105060774
543	0.00581164929213503
544	0.00599083258617266
545	0.00619543289490999
546	0.00605456472329429
547	0.00603028219798712
548	0.00617021925255005
549	0.00636709207267637
550	0.00651263724213524
551	0.00680397566512235
552	0.00686390796552669
553	0.0067880143322789
554	0.00697482163651534
555	0.00719497398654592
556	0.0071782381220319
557	0.00735920356524163
558	0.00762648349321236
559	0.00780712953997384
560	0.00789276127473707
561	0.00818015770789186
562	0.00850769376615671
563	0.00860949284730237
564	0.00881889693144532
565	0.00928842206740812
566	0.00963155553899566
567	0.00972267974186051
568	0.010047490648504
569	0.0105830324645832
570	0.0110373083538773
571	0.0114318365437267
572	0.0118945425749523
573	0.012404672281416
574	0.0130950836434777
575	0.013686116111834
576	0.0139690828765867
577	0.0145467074857717
578	0.0150879099577455
579	0.0153459268227458
580	0.0159929102666715
581	0.0163145922955276
582	0.0165698651431978
583	0.0165977807323574
584	0.0168176115163832
585	0.0172933811075963
586	0.0174169882876964
587	0.0174844464022858
588	0.017404944419264
589	0.0174017221562184
590	0.0174175391663904
591	0.0175273366477239
592	0.0178627538557971
593	0.0178067755249501
594	0.0176976091015725
595	0.0178602324538297
596	0.018068346689469
597	0.0177088898520881
598	0.0178417299100247
599	0.0176439078617653
600	0.0177248143967996
601	0.0174664494594739
602	0.0175191423271512
603	0.0173151511921477
604	0.0172148148637259
605	0.0167022099762811
606	0.01669071132683
607	0.0166683054678955
608	0.0166336076564592
609	0.0163219857667661
610	0.0161729561009108
611	0.0161142837468618
612	0.0160734187352523
613	0.0160766938222822
614	0.0160913062569538
615	0.0157979727852719
616	0.0155881134715781
617	0.0155702778305756
618	0.0154714875469815
619	0.0153489434495665
620	0.0154313139635958
621	0.0153867465566544
622	0.0153596506825378
623	0.0153304899566042
624	0.0151176640102177
625	0.014850462374938
626	0.0149822714218943
627	0.0154198077678612
628	0.0151555576727073
629	0.0149575347046503
630	0.0153193129674864
631	0.0152230289932928
632	0.0151153982386031
633	0.015147763305159
634	0.0154421928745162
635	0.0157179991595327
636	0.0157411473841044
637	0.015769121456961
638	0.0158944048552788
639	0.0159209734328374
640	0.015930848688055
641	0.0162439732314459
642	0.0164047628368178
643	0.0163538895667443
644	0.0165100231152096
645	0.016644459212102
646	0.0168882400133192
647	0.017124705635989
648	0.0169551623417816
649	0.0172139187425628
650	0.0175321860781446
651	0.017825577090238
652	0.0177389042513403
653	0.0175910706714164
654	0.0177872476298774
655	0.0178150556844974
656	0.0179398712132396
657	0.0179758764182886
658	0.0178007733997281
659	0.0175730916510278
660	0.0174265777274273
661	0.0173373768835642
662	0.0173677091700079
663	0.0169438240508544
664	0.016794180306181
665	0.0165378170205481
666	0.0162392435982755
667	0.0156800507864878
668	0.0155206044195752
669	0.0152529452908597
670	0.0148212742937268
671	0.0144286053194696
672	0.0139674368435028
673	0.0137910585030343
674	0.0133474530585794
675	0.0131509459502162
676	0.0131537343019617
677	0.0127451822875521
678	0.0120716057406465
679	0.0118798075131742
680	0.0117631806452921
681	0.011483776669627
682	0.0113045628131413
683	0.0111446193348045
684	0.0109105656929917
685	0.0107453558520721
686	0.0107138255931261
687	0.0103327760088556
688	0.0104959219412437
689	0.0103855462259386
690	0.0105029314953102
691	0.0103269917825689
692	0.0103986145023533
693	0.0108752424833121
694	0.0113759157532912
695	0.0118574007109542
696	0.0126803002854853
697	0.0136275352564722
698	0.0150093852184343
699	0.0164224192535877
700	0.017853124798078
701	0.018944207024741
702	0.0197217449459946
703	0.0199196037823859
704	0.019022713841629
705	0.017356649148284
706	0.0152803250938923
707	0.0131697494020749
708	0.0119154976608879
709	0.0104920346619666
710	0.00942898159602952
711	0.00884797606318881
712	0.00866608497398183
713	0.00830412626064203
714	0.00805962922279412
715	0.00786201243344532
716	0.00774272002958143
717	0.00773884822018546
718	0.00779043772688963
719	0.00751785021476251
720	0.00768355952531991
721	0.00763722270355982
722	0.00793385616500704
723	0.00786663632431851
724	0.00809548765262948
725	0.00820363240355261
726	0.00843100579224421
727	0.00846711164584914
728	0.00892076704198422
729	0.00950734371293183
730	0.0106278385227395
731	0.0119063704310201
732	0.0128286790843906
733	0.0133457768403617
734	0.0130474515021585
735	0.012035382636662
736	0.010462663583381
737	0.0094375170086155
738	0.00872921803052377
739	0.00835679790439708
740	0.00807890111019979
741	0.00807287474254203
742	0.00801037868665426
743	0.00789689390255579
744	0.00776112824484294
745	0.0078425057622949
746	0.00786990990209169
747	0.00759758688720051
748	0.00784334688991718
749	0.00784245180636802
750	0.00780719340039778
751	0.00772654994767124
752	0.00775744179103492
753	0.00790443971439204
754	0.00799395759648984
755	0.0081717546382524
756	0.00804035742971698
757	0.00763067818921268
758	0.00800370371593148
759	0.0081143780754053
760	0.00837797239852489
761	0.00836210907303812
762	0.00824019612790762
763	0.00831344592073856
764	0.00838321433001501
765	0.00851342233860268
766	0.0084755344301542
767	0.00843738023222744
768	0.0083941073902169
769	0.00859883098636056
770	0.00875556333241992
771	0.00874534575891794
772	0.00866329445267985
773	0.00881159316665165
774	0.00890897889823318
775	0.00881155722747659
776	0.00903652231412443
777	0.00929109109354609
778	0.00911621493513262
779	0.00951996298547954
780	0.00964798474141481
781	0.00973950984058948
782	0.00976277691912601
783	0.00980058285607021
784	0.0100646075060052
785	0.0102855343877064
786	0.0104069767277334
787	0.0105656231885972
788	0.0106589131748205
789	0.0106617213355601
790	0.010883897127177
791	0.0110553175593999
792	0.0110698686805182
793	0.0114907447191344
794	0.0114947348165239
795	0.0118498591439024
796	0.0116359889805396
797	0.0118647866359093
798	0.0118842409547181
799	0.00789267307754891
800	0.00822644415820972
801	0.0119478636707292
802	0.0119413899027897
803	0.0123396846313806
804	0.0123625687360305
805	0.0120466482946107
806	0.0121983012372603
807	0.012664525723158
808	0.0127021137611667
809	0.0128721456772294
810	0.012972724430008
811	0.0132756784698401
812	0.0134253722086415
813	0.0137043601954299
814	0.0139533017112613
815	0.0143714469385435
816	0.0144464702023206
817	0.0146006407737959
818	0.014845067725536
819	0.0154212472214348
820	0.0157394183419023
821	0.0161947535407398
822	0.0166325162752111
823	0.0170009758287824
824	0.0171765467169186
825	0.0177508273792371
826	0.0182017913933694
827	0.0186148494823014
828	0.0190381554241978
829	0.0195335387494582
830	0.0199735559361188
831	0.0202059333597139
832	0.0209290842726491
833	0.0218265411279524
834	0.0224265800856409
835	0.0226711796586156
836	0.0237789618106175
837	0.0244685044067937
838	0.0253808642286826
839	0.0257662500960972
840	0.0264970189822045
841	0.0272353916922022
842	0.0283115784985631
843	0.0290770102945456
844	0.0300165640922363
845	0.0306465174609209
846	0.031065621066205
847	0.0320815357064194
848	0.0317983321770226
849	0.0289286569643471
850	0.0300160547181015
851	0.0353747008016511
852	0.0361441142054542
853	0.0373756846483597
854	0.0384871314642761
855	0.0393711842335499
856	0.039712078156858
857	0.041183377990038
858	0.0422188601433134
859	0.0431334414024013
860	0.0440272637789241
861	0.044830519434274
862	0.0453926609563311
863	0.0462174310658795
864	0.047345113710701
865	0.0477009577648663
866	0.049059428397325
867	0.0499161372084128
868	0.0505554375924715
869	0.0515819066534167
870	0.0528341284443478
871	0.0533932825814327
872	0.0551250235231805
873	0.0558274900730999
874	0.056667430099012
875	0.058533994827966
876	0.0599829850173258
877	0.0612275812888015
878	0.0634702527863473
879	0.065797304939184
880	0.0677403257824907
881	0.0705591352713762
882	0.0734029672929925
883	0.0761760274382867
884	0.0800080377351906
885	0.0847495525289718
886	0.0894090760094687
887	0.0947764342772948
888	0.0998534700405471
889	0.105620519099408
890	0.112967580694532
891	0.121544243152573
892	0.13157713079926
893	0.142330613055353
894	0.153354601275605
895	0.166746009548878
896	0.183013108366046
897	0.199628336105806
898	0.217721107285041
899	0.239415587508826
900	0.261884627701746
901	0.288920282476256
902	0.316529256705227
903	0.347670948082041
904	0.381130555892256
905	0.416877923300518
906	0.460592760567273
907	0.510151430327287
908	0.567197748943638
909	0.63350443273408
910	0.713273016518343
911	0.799716174845502
912	0.886424509574112
913	0.957669405810355
914	1
915	0.998893337527809
916	0.95264027951434
917	0.870458894214783
918	0.764601468978408
919	0.652920265497119
920	0.548306939420795
921	0.459899747623982
922	0.388164720275779
923	0.330888107953358
924	0.283483958723716
925	0.246613987319414
926	0.216404148758
927	0.191518750863696
928	0.171077717758622
929	0.153764977604046
930	0.139249559839434
931	0.127110013965341
932	0.11709941615348
933	0.107701284141627
934	0.0993902414291906
935	0.0930634788649824
936	0.087564159681245
937	0.0824068550439123
938	0.0790434576316272
939	0.0743481242061664
940	0.0706698779247155
941	0.0670755378259818
942	0.0643421966004936
943	0.0628021039038339
944	0.0626436536463406
945	0.0580836543255061
946	0.0553221050923736
947	0.0539003362340933
948	0.0527310320627436
949	0.0510622186356414
950	0.0492764444176132
951	0.0479854611415923
952	0.0471048230655928
953	0.0454647213605572
954	0.044597170426681
955	0.0433383277152825
956	0.0425942500149747
957	0.041052005684238
958	0.0400343893570991
959	0.0393351148850913
960	0.0397700364438328
961	0.0373565123718959
962	0.0364425857528998
963	0.0352029011686835
964	0.0343259400193091
965	0.0335054703480582
966	0.0328762989629992
967	0.031988913566284
968	0.0314424937825699
969	0.0310110265350909
970	0.0301886278451257
971	0.0299020482971576
972	0.0297284564218637
973	0.0294743900362646
974	0.0287349957481409
975	0.028299023369425
976	0.0281452442614052
977	0.027558663157016
978	0.0278478414563573
979	0.0275784164973076
980	0.0276042955332133
981	0.0273406897020114
982	0.0272841736984666
983	0.0272512058725178
984	0.0273876445643884
985	0.0274234696019194
986	0.0274264098226199
987	0.0276197163635026
988	0.0278076801356822
989	0.0279020539568702
990	0.027850003466574
991	0.0284977943628319
992	0.0282042769504903
993	0.0288780138559198
994	0.0296568601140715
995	0.0294680011640142
996	0.0303373509432147
997	0.0307308518952255
998	0.0315723549451032
999	0.0318674872621093
1000	0.0328164588215818
1001	0.0334648156891007
1002	0.0342506554654666
1003	0.0355624664838894
1004	0.0368478504175689
1005	0.0381082655857873
1006	0.039353549512345
1007	0.0408080550916425
1008	0.0426445733496396
1009	0.0443477723606992
1010	0.0460362542324038
1011	0.048189109863983
1012	0.0508428632674747
1013	0.0532990276142095
1014	0.0564648142741725
1015	0.0595070239391694
1016	0.0631805056858888
1017	0.0672143413344376
1018	0.0713517072758907
1019	0.0761496512909569
1020	0.0815930525141151
1021	0.0872737730332617
1022	0.0933307569063822
1023	0.0999174719573031
1024	0.10635732878544
1025	0.112769641678878
1026	0.118988684819566
1027	0.123615726266113
1028	0.127692370094267
1029	0.128933941249353
1030	0.1298483244185
1031	0.128269434391904
1032	0.124437186387071
1033	0.119710515132892
1034	0.112760548407286
1035	0.105424589281731
1036	0.0977809304473201
1037	0.0907893667206069
1038	0.083661930273284
1039	0.0775828452224244
1040	0.0718455445563233
1041	0.0665029324385957
1042	0.0614200426459345
1043	0.0570526735303259
1044	0.0530676104551871
1045	0.0497035791550898
1046	0.0469509071811849
1047	0.0440590987190655
1048	0.0414153705531756
1049	0.0395237182047958
1050	0.0377957881362048
1051	0.0361743832917738
1052	0.0345663749870888
1053	0.0334831097668246
1054	0.0327250365405195
1055	0.031948561701951
1056	0.0322140333517431
1057	0.0317796372029889
1058	0.0315591451758732
1059	0.0316411402622994
1060	0.0324138645979788
1061	0.0331423252646269
1062	0.0338993854023749
1063	0.0349206031933042
1064	0.0355428621826965
1065	0.0368551514468348
1066	0.0385287680833713
1067	0.0395065834248713
1068	0.0405279747803206
1069	0.0411515609723198
1070	0.0414795828225836
1071	0.0414579174427155
1072	0.0409104826838735
1073	0.0398990043150592
1074	0.03870862809038
1075	0.0371861342700787
1076	0.035565578382539
1077	0.0338770427435646
1078	0.0319166050779885
1079	0.0305245770661842
1080	0.0287413412292613
1081	0.027273602298598
1082	0.0260402235775138
1083	0.024875417934403
1084	0.0236430145704585
1085	0.0226188829708209
1086	0.0220286428622299
1087	0.021057415426207
1088	0.0204885812939895
1089	0.0199018549236434
1090	0.0192732938442607
1091	0.018491905431862
1092	0.0179881579946506
1093	0.017516870895824
1094	0.0171154538924438
1095	0.0167292256711358
1096	0.0164932760255989
1097	0.0163655721568552
1098	0.0157736624330444
1099	0.0155037394192852
1100	0.0153442015536854
1101	0.0151814744400304
1102	0.0150439528564805
1103	0.0149708435188509
1104	0.0148037263547819
1105	0.0146871711765929
1106	0.0146588235627042
1107	0.0145529275099293
1108	0.0161858291172405
1109	0.0150072911247688
1110	0.0145459443678549
1111	0.014383599284801
1112	0.0141361972107993
1113	0.0144399134252628
1114	0.0146588546911235
1115	0.01469485423646
1116	0.014749463860141
1117	0.0148085720120609
1118	0.0149961197953637
1119	0.015187599192359
1120	0.0154601558590524
1121	0.0158485866518508
1122	0.016139894889704
1123	0.016228728795533
1124	0.0163482298541351
1125	0.0166861797836009
1126	0.0172916577251068
1127	0.0176973893160662
1128	0.0180571829063473
1129	0.0186319531338065
1130	0.0193648585614237
1131	0.0199226553107677
1132	0.0204062985055057
1133	0.0209027034088921
1134	0.0216209445211388
1135	0.0223526661255353
1136	0.0226818435004568
1137	0.0230075193998441
1138	0.0234440888782403
1139	0.0236492883618858
1140	0.023987464679856
1141	0.0241094597851479
1142	0.0242774372255334
1143	0.0245360898649168
1144	0.0245034823740042
1145	0.0245283879393411
1146	0.0249057162625711
1147	0.0253994922294504
1148	0.0253751856503647
1149	0.0251693400161962
1150	0.025620370060309
1151	0.0258593561416607
1152	0.0261016022174754
1153	0.0264259245022637
1154	0.0267311980809801
1155	0.0272393534910287
1156	0.0275714880657885
1157	0.0280367107825543
1158	0.0287495921469601
1159	0.0296246516328978
1160	0.0304105923408053
1161	0.0308077664462995
1162	0.0319141883807043
1163	0.0329614257570691
1164	0.0340933975207629
1165	0.0347127445880177
1166	0.0356695274941764
1167	0.0364851147200164
1168	0.0373764477662765
1169	0.0383732259748737
1170	0.0393568849696427
1171	0.0399169823921624
1172	0.0407376859982012
1173	0.0413433818386425
1174	0.0423782131249679
1175	0.0428534290076307
1176	0.0434557629787822
1177	0.0435374458377294
1178	0.0436660656366304
1179	0.0438142887934389
1180	0.0438584902056315
1181	0.0439700535172992
1182	0.0434349720245122
1183	0.0434839672132849
1184	0.0436262674808478
1185	0.0434358398471123
1186	0.0432775801332768
1187	0.0429912279170984
1188	0.0426589952406533
1189	0.0429424808123952
1190	0.0427780001311167
1191	0.0429369607060303
1192	0.0427849266760649
1193	0.0429325782018999
1194	0.0432209896101826
1195	0.0433948795636739
1196	0.0436531794143046
1197	0.0443930830765632
1198	0.044911741969929
1199	0.0451645830277482
1200	0.0460669808121593
1201	0.0467230886560965
1202	0.0474258032900853
1203	0.0483888835698071
1204	0.0497119347774719
1205	0.0510524886463807
1206	0.0527109315934119
1207	0.0544284845789339
1208	0.0562776607841815
1209	0.0582214928529621
1210	0.0611481519387581
1211	0.0634044595705505
1212	0.0659877071042128
1213	0.068977329549501
1214	0.0719279320494904
1215	0.0747300670817437
1216	0.0781347662467946
1217	0.0816813779890947
1218	0.0846408615214534
1219	0.0874513153879568
1220	0.0900671487169668
1221	0.0929795302344206
1222	0.0953991818885424
1223	0.0974072101908785
1224	0.0985817514829626
1225	0.0990687886186953
1226	0.099813540768089
1227	0.0998835325473565
1228	0.100180629727923
1229	0.0998871075991546
1230	0.0994727694718875
1231	0.0987978487432373
1232	0.098867632999709
1233	0.0983495429074604
1234	0.0984057627193787
1235	0.0977429254771492
1236	0.0970761358689475
1237	0.0968314947914137
1238	0.0964201468789751
1239	0.0958628632769076
1240	0.0955854996276381
1241	0.0948148542930571
1242	0.0941074034228999
1243	0.093954891147219
1244	0.0928878796782831
1245	0.0920870822247764
1246	0.0903338438079679
1247	0.0889313660801161
1248	0.0876871508959561
1249	0.0864231087952406
1250	0.0844506017925253
1251	0.0826817255897774
1252	0.080236101514492
1253	0.0785547159791138
1254	0.0765884912573948
1255	0.0743550828228194
1256	0.0726336840625795
1257	0.0710594566958881
1258	0.0689836052274992
1259	0.0666047299161561
1260	0.0655863900890886
1261	0.0634907126474296
1262	0.0614920096649026
1263	0.0599031519411164
1264	0.0588751472114832
1265	0.0565936859302846
1266	0.0553176358059832
1267	0.0539447725243592
1268	0.0522431025789896
1269	0.0514248675509339
1270	0.0502680345563186
1271	0.0489749137955023
1272	0.0477404531260244
1273	0.0463551111213825
1274	0.0455347131398246
1275	0.044651077302713
1276	0.0438539530026898
1277	0.0426407737959079
1278	0.0416870886391174
1279	0.0409961518670684
1280	0.040368970814277
1281	0.0394489166130959
1282	0.0387681843028814
1283	0.0383560723292406
1284	0.0376228046800164
1285	0.0371765052123595
1286	0.0368693535523422
1287	0.0367492195492133
1288	0.0361174682784899
1289	0.036161670633968
1290	0.0362486245719253
1291	0.0360654649524655
1292	0.0354445586343868
1293	0.035458250422474
1294	0.034591153208892
1295	0.0339531951200071
1296	0.0332284906159607
1297	0.032112956544255
1298	0.0313177895615091
1299	0.0305877602111827
1300	0.0296705792574363
1301	0.0291808669642103
1302	0.0286237474938085
1303	0.0275829272882572
1304	0.0270603405543406
1305	0.0262752582361789
1306	0.0259503435681375
1307	0.02490628883683
1308	0.0238765060141521
1309	0.0227993117789467
1310	0.0239207008233467
1311	0.023423243213415
1312	0.0228192424569001
1313	0.0226031546294798
1314	0.0221925000318359
1315	0.0218821789327574
1316	0.0218750326023028
1317	0.0215021103653392
1318	0.0217201630563203
1319	0.0216637479843169
1320	0.0213576131859984
1321	0.0219047762786352
1322	0.0213829403999247
1323	0.0216727224019443
1324	0.0220686485408082
1325	0.0220202476218595
1326	0.0225631480076161
1327	0.0229229472576098
1328	0.0231433458994675
1329	0.0237218449342507
1330	0.0245691661686906
1331	0.0251973640831808
1332	0.0254769812413542
1333	0.0259086984594734
1334	0.0262458956471622
1335	0.0265139169974847
1336	0.0263913087566602
1337	0.0260549492064376
1338	0.0254820834722714
1339	0.0244857118196967
1340	0.0232546677300638
1341	0.0226389815535817
1342	0.0219281839067015
1343	0.0211521354331496
1344	0.0205929360183639
1345	0.0194273078303539
1346	0.0189756920059861
1347	0.0185157365950886
1348	0.0179013710182153
1349	0.0174199030396902
1350	0.0173845081403175
1351	0.0171678317027859
1352	0.0173330424869909
1353	0.0170849187996316
1354	0.0172507738477886
1355	0.017303473318464
1356	0.017278279107784
1357	0.0178464255849195
1358	0.0182709625143085
1359	0.0189164093462607
1360	0.0195401077892266
1361	0.0207529596759626
1362	0.0223309733903895
1363	0.0239486541439237
1364	0.0264514554658439
1365	0.0287489648621459
1366	0.029152281642392
1367	0.0283019003900014
1368	0.0258427297925857
1369	0.0233470738578346
1370	0.0213501018040806
1371	0.0197681706252426
1372	0.0187542104724492
1373	0.017619602225965
1374	0.0171099215233682
1375	0.016670861771424
1376	0.0162116647620162
1377	0.015781366245191
1378	0.0158118843588654
1379	0.015503242307861
1380	0.0156620679929574
1381	0.0157007398659308
1382	0.0156665033210722
1383	0.0156623566383005
1384	0.0154578023618924
1385	0.0151973112591964
1386	0.0150040707482942
1387	0.0147280578837674
1388	0.0146651369721198
1389	0.0148105095203441
1390	0.0149223341220772
1391	0.0147769757231344
1392	0.0149756778567046
1393	0.014863433492953
1394	0.0153135843950404
1395	0.0153863881081892
1396	0.0155259415285658
1397	0.0160116929662507
1398	0.0160728829491253
1399	0.016266204582575
1400	0.0168209469736809
1401	0.016993311634624
1402	0.0174992427776172
1403	0.017743369764589
1404	0.0183098607757862
1405	0.01844950569485
1406	0.0188085880479132
1407	0.0195282223927473
1408	0.0199952194294161
1409	0.0203971373173623
1410	0.0209886640672864
1411	0.0215541787780586
1412	0.0219644060674006
1413	0.0225324978339808
1414	0.0231870549166631
1415	0.0237507688955401
1416	0.0244968972983834
1417	0.0252003127934502
1418	0.0258262638020346
1419	0.0269022308228892
1420	0.0279246965804488
1421	0.0287650818370861
1422	0.0297825538415535
1423	0.0305456594956536
1424	0.0319561004391465
1425	0.0328931658498601
1426	0.0339725334147074
1427	0.0353443449330716
1428	0.0368742586366035
1429	0.0384336566129733
1430	0.0400575800295154
1431	0.0418234594144367
1432	0.0437506877729927
1433	0.0458621011022762
1434	0.0483291688853526
1435	0.0510213272120397
1436	0.0538506288648173
1437	0.0569191816621538
1438	0.0604534108965504
1439	0.0643846868929074
1440	0.0691643575825292
1441	0.0747965498391934
1442	0.0803054339372404
1443	0.0863283501135952
1444	0.0915771883396714
1445	0.09909153123053
1446	0.104439035226523
1447	0.109759023586381
1448	0.113971132635837
1449	0.11580200250065
1450	0.115402973895991
1451	0.114549753354441
1452	0.112322420621352
1453	0.109179516179468
1454	0.105852171136503
1455	0.10354255561493
1456	0.101320543011693
1457	0.0999226788929036
1458	0.0993791955567483
1459	0.0980256752862518
1460	0.0968440687862605
1461	0.0962496574694765
1462	0.0963005194201247
1463	0.0954978872764473
1464	0.0945022306342321
1465	0.0941510728221072
1466	0.0934812477213761
1467	0.0927706528808645
1468	0.0925657410992766
1469	0.0928881607773427
1470	0.0927204484001643
1471	0.0931816847926824
1472	0.0938192184031215
1473	0.0945456123313818
1474	0.0953778164734425
1475	0.095852892749861
1476	0.0963450613583594
1477	0.0966644200751893
1478	0.0963399864827197
1479	0.0963055376986382
1480	0.0955599177266444
1481	0.0955161304167577
1482	0.095585226074862
1483	0.0949548755830094
1484	0.0949634217490493
1485	0.0955538806998612
1486	0.0969711953643181
1487	0.0977105613538787
1488	0.0985843926821803
1489	0.0989147689728895
1490	0.0978738534955093
1491	0.0963332702904234
1492	0.0936903401440114
1493	0.090181461705677
1494	0.0872967156216086
1495	0.0826663613566143
1496	0.0780727235338868
1497	0.0737925536104486
1498	0.0692604340339272
1499	0.0652680237085361
1500	0.0613980499460205
1501	0.0580094130453546
1502	0.0541141111256272
1503	0.0511757430377281
1504	0.0485278946010587
1505	0.0455275771855098
1506	0.0430727843757974
1507	0.0407198314914899
1508	0.0387578892856452
1509	0.0368249502770665
1510	0.0348296836833787
1511	0.0333777579897456
1512	0.0320464690703781
1513	0.0303704989366815
1514	0.0291225558884829
1515	0.0280587798885886
1516	0.0269168243918521
1517	0.0257855846176558
1518	0.024679581501984
1519	0.0239095049685202
1520	0.0231685665221396
1521	0.0223134556365785
1522	0.0216108957014011
1523	0.0209342949813913
1524	0.0202225597087889
1525	0.0196395187546368
1526	0.0192368132233525
1527	0.0184371250735173
1528	0.0177827962659103
1529	0.0173850203443086
1530	0.0168928262671035
1531	0.0165202973801662
1532	0.0162234162119638
1533	0.0155305466480588
1534	0.0151001104115602
1535	0.0148959023209067
1536	0.0144492161062215
1537	0.0139801051668931
1538	0.0135674225055642
1539	0.0133917770978786
1540	0.0131923005269664
1541	0.0126977312570363
1542	0.0124256726450525
1543	0.0118482017913934
1544	0.0119415842195893
1545	0.0114077337142949
1546	0.0111368344001106
1547	0.0111645028484862
1548	0.0108730766999536
1549	0.0104303088929649
1550	0.010188088285857
1551	0.0100385341532999
1552	0.00976289671637624
1553	0.00962056720696484
1554	0.00935586857958664
1555	0.00923230488494512
1556	0.00913851212758502
1557	0.00881550100955124
1558	0.0085680678071302
1559	0.008322856513551
1560	0.00817740322009349
1561	0.00786873862456721
1562	0.00786103820824818
1563	0.00777942769929381
1564	0.00756988778204824
1565	0.00738550028793788
1566	0.00709680570536762
1567	0.00692288490644259
1568	0.00706063599133875
1569	0.00677393579716345
1570	0.0067309796160734
1571	0.00646915480210108
1572	0.00618314990361981
1573	0.00617805644525714
1574	0.00617549353873059
1575	0.00606953928524433
1576	0.00602026714786801
1577	0.00575503999766065
1578	0.00575813284194451
1579	0.00559484786928328
1580	0.00544783824918677
1581	0.0053430804589461
1582	0.00532045670107615
1583	0.00523880214069197
1584	0.00500657102066786
1585	0.00504660707303718
1586	0.00488306665868018
1587	0.00490974748720551
1588	0.00476585136934388
1589	0.00465304405284474
1590	0.00471121854084119
1591	0.00453308144467938
1592	0.00446118375719078
1593	0.0044146462986187
1594	0.00436292275105424
1595	0.00444116969280495
1596	0.0043129434325874
1597	0.00427979100567905
1598	0.00411732376716131
1599	0.00417409313717398
1600	0.00409261931027912
1601	0.00387254704518196
1602	0.00393628361574513
1603	0.00375829942615231
1604	0.00370642561321807
1605	0.00222132787233952
1606	0.00233839204734916
1607	0.00358197589056757
1608	0.00363764142796436
1609	0.00351689617587368
1610	0.00350496040795209
1611	0.00357968012247618
1612	0.00348615997460676
1613	0.00330043027965112
1614	0.00329069944143353
1615	0.00340087999098219
1616	0.00317232287339836
1617	0.00317656973308324
1618	0.00316231216239225
1619	0.00309530823973977
1620	0.00301901333286798
1621	0.00315844846525102
1622	0.00307495147975544
1623	0.0030548376157706
1624	0.00308772290424379
1625	0.00298734790111916
1626	0.00298172639157005
1627	0.00295431687504628
1628	0.00301978607229623
1629	0.00304077256963687
1630	0.0029235176623123
1631	0.00286251312935415
1632	0.0029045966770884
1633	0.00288668142279515
1634	0.00280120712237101
1635	0.00278687314555979
1636	0.00277267943529274
1637	0.0027006252567505
1638	0.00278587184807068
1639	0.00260429204305721
1640	0.0025729827958886
1641	0.002729277080192
1642	0.0027780598410847
1643	0.00263964939966957
1644	0.00269362824838026
1645	0.00267152358048512
1646	0.00265091222776193
1647	0.00268411417715561
1648	0.0026432009636604
1649	0.00262499876193787
1650	0.00251498819242457
1651	0.0025829763390998
1652	0.00268732031002019
1653	0.00276915211373759
1654	0.00270878269486273
1655	0.00254540414828636
1656	0.00252867998051172
1657	0.0024971377418407
1658	0.00262129061256485
1659	0.00249584053571066
1660	0.00250039688734672
1661	0.00247401923076016
1662	0.00254479695545193
1663	0.00257433310898861
1664	0.0025565194465367
1665	0.00239496436503448
1666	0.00252639496587429
1667	0.00244768204111876
1668	0.0023962849646433
1669	0.0023673632672389
1670	0.00254419693158681
1671	0.00238611521571287
1672	0.00236255769959094
1673	0.00238475952588588
1674	0.00240891338705973
1675	0.00228220025100825
1676	0.00240962585054869
1677	0.00240810018068633
1678	0.00234900721566193
1679	0.00242075284553843
1680	0.00227699256077942
1681	0.0023523410693744
1682	0.00241292282180065
1683	0.00242065663042407
1684	0.00233227484130402
1685	0.00229934823692878
1686	0.00231866417576426
1687	0.00231032855103339
1688	0.00229882999591086
1689	0.00245868122093207
1690	0.00249561924094764
1691	0.00246080606570266
1692	0.00241423361124094
1693	0.00238279749218134
1694	0.00232208707562178
1695	0.0024734219424228
1696	0.00249085498920174
1697	0.00226755857448819
1698	0.00242665054906287
1699	0.00231907346731445
1700	0.00206292591106045
1701	0.00216578109457899
1702	0.00222324764685657
1703	0.00237910198283315
1704	0.00237375666725936
1705	0.00233238548868553
1706	0.00251209428703893
1707	0.00243788281470714
1708	0.00230162957275301
1709	0.00234131755279687
1710	0.0025227660524778
1711	0.00242726500519514
1712	0.00228762838704322
1713	0.00235759375431848
1714	0.00233574726364686
1715	0.00233899122225739
1716	0.0023859055233607
1717	0.00232579428170937
1718	0.00241652032379216
1719	0.00230498861218659
1720	0.00231630813173358
1721	0.00246333661753879
1722	0.00250784006972766
1723	0.00249724659697988
1724	0.00250893305456105
1725	0.0026422725821354
1726	0.00257055930694933
1727	0.00251826177019775
1728	0.00263456763804629
1729	0.0024734705216227
1730	0.0026423283303046
1731	0.00263981136177873
1732	0.0025965754022287
1733	0.00244532241260343
1734	0.00239713335556343
1735	0.00277888210299828
1736	0.00259982020979611
1737	0.00268432019069458
1738	0.00265011335932714
1739	0.00247576081865856
1740	0.00245874064791447
1741	0.00256052086335143
1742	0.00250755227334148
1743	0.00266330850763283
1744	0.00264173641869422
1745	0.00259124442459353
1746	0.00260180375040856
1747	0.00232901475251256
1748	0.00243685095476994
1749	0.00244944343801129
1750	0.00249145416410997
1751	0.00268253181583861
1752	0.00280318896506967
1753	0.00274691887603767
1754	0.00260084480643547
1755	0.00246963550035868
1756	0.00256165252288764
1757	0.00273593224192064
1758	0.00254343315337019
1759	0.00256718941973325
1760	0.00263210547440419
1761	0.00282706125554121
1762	0.00275656878036495
1763	0.00270104888623931
1764	0.00246543269210362
1765	0.00257247634593861
1766	0.00252244401483033
1767	0.00278669684551201
1768	0.00273053014056368
1769	0.00267803026908632
1770	0.00280714085939906
1771	0.00251038948727249
1772	0.00257318880942757
1773	0.00288346085766342
1774	0.00279892125877668
1775	0.00271473614655637
1776	0.00278005960620663
1777	0.00272566429697644
1778	0.0025781149289541
1779	0.00281963429766975
1780	0.00278201984766884
1781	0.00269745685530332
1782	0.00279340860436675
1783	0.00259294554554677
1784	0.00288358952179673
1785	0.00275272574117474
1786	0.0026815296693926
1787	0.00266642021762538
1788	0.00266785504910037
1789	0.00280918826043545
1790	0.0028322096131162
1791	0.00276274616802083
1792	0.0028188255247379
1793	0.00261759246201743
1794	0.00269829977516792
1795	0.00283692887014686
1796	0.00259442989950709
1797	0.00273103932604142
1798	0.00275660566282545
1799	0.00281710101030587
1800	0.00254458820638519
1801	0.0027486442394266
1802	0.00284266734708989
1803	0.00278274759238184
1804	0.00294076733440271
1805	0.00287102948757434
1806	0.00296352956657449
1807	0.00296738609474642
1808	0.00281133829092715
1809	0.00261085183862839
1810	0.00238938879348605
1811	0.00267342892273502
1812	0.00285802412829814
1813	0.00270167051134089
1814	0.00265181183908116
1815	0.00270950770404797
1816	0.00289586892860225
1817	0.00263595304136448
1818	0.00266143561440189
1819	0.00286134996408441
1820	0.00283359501643439
1821	0.00270910831699484
1822	0.00270252154346023
1823	0.00272769556783189
1824	0.00292027285474489
1825	0.0027158075301533
1826	0.00271247546868316
1827	0.0026491499819125
1828	0.00268237353254264
1829	0.00262825969968622
1830	0.00261238288521773
1831	0.00254467725253025
1832	0.00278101053225352
1833	0.00236707537652417
1834	0.00247857926120941
1835	0.00258182571952634
1836	0.00241808023491581
1837	0.0024090339389383
1838	0.00238074820457409
1839	0.00256740175328464
1840	0.00246265471649792
1841	0.00243954884544221
1842	0.00237391589384077
1843	0.00231830884014095
1844	0.00228569069010291
1845	0.00220442287674702
1846	0.00227978845880838
1847	0.00230741842113827
1848	0.00197400984507008
1849	0.00201906021415409
1850	0.00222424705777482
1851	0.001958719565485
1852	0.00208561532159666
1853	0.00213483982305852
1854	0.00215809237499935
1855	0.00214431606853723
1856	0.00219051168046772
1857	0.00222894112908437
1858	0.00219247361984371
1859	0.00222247396414289
1860	0.00243149931918374
1861	0.00225450831482529
1862	0.00215989065435239
1863	0.00227654902796794
1864	0.00198358504119092
1865	0.00200447438013177
1866	0.00219041631431025
1867	0.00212180031684958
1868	0.00205299443603086
1869	0.0020941280953322
1870	0.00197541496305387
1871	0.00192357991915101
1872	0.00188814606208988
1873	0.00197205865914805
1874	0.00201473053400803
1875	0.00205883101465913
1876	0.00199895267018166
1877	0.00182129325376406
1878	0.0019501743427305
1879	0.00195831385841946
1880	0.00188783751342413
1881	0.0018904579603622
1882	0.00195005831862201
1883	0.00207033853099329
1884	0.00194577089766344
1885	0.00198236876895119
1886	0.00201525858519448
1887	0.00191785851567434
1888	0.00176191871803736
1889	0.00193221503700745
1890	0.0020374721082288
1891	0.00191442391907743
1892	0.00182874718959896
1893	0.00197667349448107
1894	0.00204075917498369
1895	0.00191407037569644
1896	0.00204677563814439
1897	0.00182474671606967
1898	0.00206990763820664
1899	0.00204269781520944
1900	0.00198082687457935
1901	0.00201479080994732
1902	0.00203604538900856
1903	0.00204996290530027
1904	0.00207274758766541
1905	0.00212250193255604
1906	0.00219970361971636
1907	0.00216939651899376
1908	0.00210922047363305
1909	0.00202362741357265
1910	0.00191549351043203
1911	0.00200559613517092
1912	0.00214268512802034
1913	0.00193658518409866
1914	0.00210032359406843
1915	0.00207145849379012
1916	0.00206326417321739
1917	0.00205946612874243
1918	0.00212143413344376
1919	0.00206413048656078
1920	0.00208432886892058
1921	0.00211520807225944
1922	0.0021747671146172
1923	0.00210807438182968
1924	0.002179632014919
1925	0.00223964892802685
1926	0.00213668847385378
1927	0.00219189434825815
1928	0.00217976879130706
1929	0.00227291558680136
1930	0.00226983547687088
1931	0.0020938528446423
1932	0.00214992408910463
1933	0.00213171556736968
1934	0.00218540199759557
1935	0.00216368775554192
1936	0.00204257188660388
1937	0.00208457629269015
1938	0.00216875961266814
1939	0.00229698049615871
1940	0.00215837573794399
1941	0.00204540287485102
1942	0.00202689835014661
1943	0.0022814023258589
1944	0.00234452547790377
1945	0.00219365480186525
1946	0.00198413648585614
1947	0.00214791706068485
1948	0.00223195832187635
1949	0.00204724699787619
1950	0.00215094604454477
1951	0.00201694716045144
1952	0.0021790454800356
1953	0.00217176520304926
1954	0.00226844290458338
1955	0.00216029089036241
1956	0.00210209480112949
1957	0.00210649022827036
1958	0.00207952603680039
1959	0.00216434899863176
1960	0.00208828613997696
1961	0.00217364705749183
1962	0.00224225503702631
1963	0.00209076367917165
1964	0.00214921615338576
1965	0.00220990676095119
1966	0.00220229350420635
1967	0.00211420234132878
1968	0.00222644029073944
1969	0.00211091169008923
1970	0.00214168383053123
1971	0.00213377202394624
1972	0.00219151741139838
1973	0.00229599183869442
1974	0.0024016177345208
1975	0.00230558052379697
1976	0.00230698752835162
1977	0.00249814526501368
1978	0.00248797362951238
1979	0.00241531216380718
1980	0.00242968849413442
1981	0.00251354166421019
1982	0.0026960210805429
1983	0.00245908702232615
1984	0.00214337778251517
1985	0.00252638779690499
1986	0.00244092519322023
1987	0.00239361773074766
1988	0.00238592712459716
1989	0.00252305299990709
1990	0.00251811159915651
1991	0.00250054083270408
1992	0.00252193662159492
1993	0.00240295635088143
1994	0.0025289120287287
1995	0.00249068500916638
1996	0.0026060939068949
1997	0.00370242429073189
1998	0.00686314239506775
1999	0.00270906153003727
2000	0.00250632788884702
2001	0.00260922174706839
2002	0.00433383277152825
2003	0.00835569954283672
2004	0.00284887897600706
2005	0.00238895874965629
2006	0.00246268084550447
2007	0.00227056680606853
2008	0.00229752741305384
2009	0.00247952377291535
2010	0.00256377104764582
2011	0.00266916668749755
2012	0.00261781734126511
2013	0.00254217103745834
2014	0.00259191642113733
2015	0.00244375438922504
2016	0.00258996165073065
2017	0.00257910896314537
2018	0.00252264191611457
2019	0.00233158313009463
2020	0.00251275090803014
2021	0.00275983603812571
2022	0.00243006363875186
2023	0.0024169557443489
2024	0.00242026978906723
2025	0.00255116243422353
2026	0.00263125085780019
2027	0.00276161545177005
2028	0.00255099594434427
2029	0.00246560361542442
2030	0.00250293828696535
2031	0.00261773725633169
2032	0.0027201633393059
2033	0.00251104441034992
2034	0.00258930672765321
2035	0.00259151071407179
2036	0.00272550148591038
2037	0.00255715993734698
2038	0.00273544012990927
2039	0.00264102669073302
2040	0.00285604322888491
2041	0.00253229719716882
2042	0.0026746928308892
2043	0.00281784592281378
2044	0.00274403572410599
2045	0.00259850140242962
2046	0.00272055829291748
2047	0.00294709140294371
2048	0.00275504575170181
2049	0.0025810115698675
2050	0.00265975156691502
2051	0.00276944990894937
2052	0.00289944030158722
2053	0.00285516616208757
2054	0.00271314925746929
2055	0.0027224734453359
2056	0.0028106141306988
2057	0.002915630098163
2058	0.00294367208757085
2059	0.00285742051994836
2060	0.00276741411032383
2061	0.00299369357089663
2062	0.00285942754836814
2063	0.00284580688400278
2064	0.00290682679251352
2065	0.00282800944606035
2066	0.0025875030715732
2067	0.00297602394813062
2068	0.00281828134337052
2069	0.0027595544674234
2070	0.0028275191262913
2071	0.00292582965491317
2072	0.00280263752040444
2073	0.00290942743045746
2074	0.00293399246975237
2075	0.00284688732313988
2076	0.00261375121506955
2077	0.00285144009029128
2078	0.0027807892374905
2079	0.0029627306981397
2080	0.00306588009238538
2081	0.00280220747657469
2082	0.00287749306803116
2083	0.00285668645522295
2084	0.00284074851585828
2085	0.00291495725266231
2086	0.00303709960481057
2087	0.00305220179327994
2088	0.00294131425129784
2089	0.00294816816326762
2090	0.00291953699777715
2091	0.00277514971118958
2092	0.0028034245977713
2093	0.00291767127351552
2094	0.00321797864307447
2095	0.00298504496405847
2096	0.00301971145841833
2097	0.0029380676514881
2098	0.00302263960506525
2099	0.00303111285514107
2100	0.0030935936298048
2101	0.00287879829208739
2102	0.00293689543067819
2103	0.0033407363003119
2104	0.00317610016559376
2105	0.00317908141921067
2106	0.00332007099166183
2107	0.00346318088111349
2108	0.00334824249415988
2109	0.00321604000284872
2110	0.00334664296504797
2111	0.00330760905912466
2112	0.00347297916423967
2113	0.00349701709563358
2114	0.00352381932499438
2115	0.00359661124707523
2116	0.00386113395171982
2117	0.00387017213544258
2118	0.00425573241633412
2119	0.00424556710084523
2120	0.00420102308738266
2121	0.00430504237945638
2122	0.00459928829113939
2123	0.00479818521315185
2124	0.00457297723050453
2125	0.00487897449780663
2126	0.00524410425379283
2127	0.00531297305175006
2128	0.00525916154187551
2129	0.00520984082529929
2130	0.00500504619976239
2131	0.00526342736159762
2132	0.00539580615295656
2133	0.00520396104419811
2134	0.00482603647024477
2135	0.00501449367503534
2136	0.00509395236125568
2137	0.00486254076761739
2138	0.00483482270242788
2139	0.00459504501593917
2140	0.00425047699586228
2141	0.00429859955127912
2142	0.00414391639849848
2143	0.00392016579184803
2144	0.0042636370539498
2145	0.00417816464009652
2146	0.00394279303987409
2147	0.00365889232821239
2148	0.00363096560828469
2149	0.00349857332794403
2150	0.00340033128184473
2151	0.00362534136320781
2152	0.00338478367399301
2153	0.00341617923177891
2154	0.00365237488615724
2155	0.00323439520546879
2156	0.00321005061198001
2157	0.00310873637954787
2158	0.00333235841639355
2159	0.0033894561440661
2160	0.00328052242920525
2161	0.00340083499626695
2162	0.0032243710998095
2163	0.00335212062356827
2164	0.00298422006094567
2165	0.00308025095165709
2166	0.0033896153706475
2167	0.00336006393588678
2168	0.00323804751234407
2169	0.00343829653969888
2170	0.00320335224777845
2171	0.00312631705049737
2172	0.00316300849570027
2173	0.00318151028487692
2174	0.00319814182202185
2175	0.00313048391957737
2176	0.00319492767123107
2177	0.00304149314538057
2178	0.00313535155540694
2179	0.00301962241227328
2180	0.00324076521201048
2181	0.00292550582502338
2182	0.00320861483721959
2183	0.00311765306810662
2184	0.00297074334193767
2185	0.0032847820232435
2186	0.00341640599759745
2187	0.00322300286428622
2188	0.00331454305602785
2189	0.00342671705068603
2190	0.00372029822912309
2191	0.00332193313143881
2192	0.00323043255768544
2193	0.00305398479140893
2194	0.00355668489880198
2195	0.00362679694696236
2196	0.0034215722775957
2197	0.00335764761591681
2198	0.00350042471426705
2199	0.00329288550542884
2200	0.00366691402755054
2201	0.00348563635686186
2202	0.00368007040682486
2203	0.00359075580273826
2204	0.00356180259960033
2205	0.00352558977742709
2206	0.00360307926097359
2207	0.00353129938983582
2208	0.00384074210151732
2209	0.00379168493889161
2210	0.00349654205708858
2211	0.00377012001892231
2212	0.00333461824530987
2213	0.00357195452043604
2214	0.00365396894421363
2215	0.00348181586219354
2216	0.00358493280742026
2217	0.00338515429084037
2218	0.00372252013796493
2219	0.00359067581213339
2220	0.00345640252630705
2221	0.00384717502519751
2222	0.00386676178128135
2223	0.00352067441135452
2224	0.00357162437053384
2225	0.00367652969061653
2226	0.00372707564064409
2227	0.00370027426024019
2228	0.00365508258699804
2229	0.00388345717885022
2230	0.0037806343500221
2231	0.0039075382183885
2232	0.00340113911149115
2233	0.0040841874704339
2234	0.00398089148963164
2235	0.00383004062258725
2236	0.00387153678648121
2237	0.00401911671695164
2238	0.00383117765885045
2239	0.00360402839477816
2240	0.00362030280405745
2241	0.00448916896081545
2242	0.00413523270144214
2243	0.00398965612057829
2244	0.0038841156864123
2245	0.00415998668080966
2246	0.00414413957983237
2247	0.00454130906322795
2248	0.0043947932530566
2249	0.00441038849682278
2250	0.00446725049746516
2251	0.00473484623739948
2252	0.00460014469998571
2253	0.00505709357721664
2254	0.00477781137970116
2255	0.00513685552970429
2256	0.00475080492904371
2257	0.00477817661982154
2258	0.00467653497301496
2259	0.00449244980188648
2260	0.0046501761821371
2261	0.00437652445538236
2262	0.00453513252452896
2263	0.00434803544300693
2264	0.0044011138314415
2265	0.00479775526365064
2266	0.00448228986312457
2267	0.00477514235356319
2268	0.00464168227411026
2269	0.00455287506325908
2270	0.00462358619199915
2271	0.00487336647723923
2272	0.00458952330598906
2273	0.00492292735428716
2274	0.00457422312190691
2275	0.00485635790890598
2276	0.00461040453267517
2277	0.00419023350559298
2278	0.0032354639478665
2279	0.00522798095884021
2280	0.00489106939798109
2281	0.00504655849383728
2282	0.00507747467396518
2283	0.00496503976655572
2284	0.00482923807533926
2285	0.00519142713898226
2286	0.00487496949650725
2287	0.00506642050061101
2288	0.00516455463485657
2289	0.00499569050616225
2290	0.00481450103266173
2291	0.00508846130808221
2292	0.0053394109842759
2293	0.00501854631224917
2294	0.00497254143263362
2295	0.00508738718895752
2296	0.00521016823967374
2297	0.00506214930416192
2298	0.00484951833487482
2299	0.00486769006847781
2300	0.00492687745637423
2301	0.00476560668110208
2302	0.00498159036981034
2303	0.00496503976655572
2304	0.0047883518398075
2305	0.00472338277249512
2306	0.0049253347130455
2307	0.00504161445188749
2308	0.00530199896332931
2309	0.00519096653270441
2310	0.00498461841038482
2311	0.00507442955992433
2312	0.00529687399923311
2313	0.00516273484859561
2314	0.00503867008073108
2315	0.00501107068084928
2316	0.00530015663254646
2317	0.00524220249602759
2318	0.00540826185980986
2319	0.00529597269000009
2320	0.00485768030075713
2321	0.00539290045650299
2322	0.00559918302048486
2323	0.00545934123775085
2324	0.00565105494684822
2325	0.00577367677098303
2326	0.00555154172929689
2327	0.0055954847756089
2328	0.00555847940501328
2329	0.00553409877802088
2330	0.00544857231391219
2331	0.0053957288035509
2332	0.00534942612872356
2333	0.00544089972451349
2334	0.00533788172992889
2335	0.00509511911101008
2336	0.00533770986332266
2337	0.00515336113824367
2338	0.00513897226222015
2339	0.00525000733404426
2340	0.00506875673564756
2341	0.00522566726832556
2342	0.00543746871240123
2343	0.00543430398976724
2344	0.00545167317612224
2345	0.00527047294916777
2346	0.00527969733743537
2347	0.00519062468606282
2348	0.00545847313216514
2349	0.00558030514340533
2350	0.0051784713021914
2351	0.0055442101375829
2352	0.00572414372085543
2353	0.00565818420383644
2354	0.00532571212154799
2355	0.00522043071356242
2356	0.00549974356785453
2357	0.00537411256885394
2358	0.00551934286963465
2359	0.00530977050337012
2360	0.00532960100441033
2361	0.00525667240026997
2362	0.00550182247462444
2363	0.00571125627225859
2364	0.00592226516791188
2365	0.00576129218785152
2366	0.00553399256408092
2367	0.00551703002807689
2368	0.00530319457761801
2369	0.00551747440984526
2370	0.00546612864809746
2371	0.00543992276378859
2372	0.00558802904753168
2373	0.00569255384626994
2374	0.00587820883301914
2375	0.0056131140257583
2376	0.0056075140231171
2377	0.00560861427124833
2378	0.00579262388521348
2379	0.0055060109449409
2380	0.00567321357067024
2381	0.00562906724634701
2382	0.00601802260017574
2383	0.00601243533188791
2384	0.00647120220313746
2385	0.00639307307773757
2386	0.00624371731810745
2387	0.0062464394512154
2388	0.00617518499006485
2389	0.00627711537654304
2390	0.00643138376671797
2391	0.00647323177607913
2392	0.00655005105532416
2393	0.00652372367585128
2394	0.0068943671238614
2395	0.00705294000846127
2396	0.00695975180273638
2397	0.00725615406492351
2398	0.00725235328492078
2399	0.00722720086178557
2400	0.00717122762467993
2401	0.00736493657112915
2402	0.00740889225746599
2403	0.00748511245613133
2404	0.00738585468027576
2405	0.00745483054112984
2406	0.0071634606124092
2407	0.00736574260853324
2408	0.00732342427705425
2409	0.00732971778314717
2410	0.00760200033109319
2411	0.00715641955260915
2412	0.00731246282865833
2413	0.00706740717717589
2414	0.0076352409551897
2415	0.00780024497122744
2416	0.00740059709968027
2417	0.00771654470772065
2418	0.00749733602043911
2419	0.00761125528180888
2420	0.00763362350365453
2421	0.00779875891935334
2422	0.00785094844992263
2423	0.00779334332901466
2424	0.00756686332595841
2425	0.00777020963103862
2426	0.00780576488893522
2427	0.00791698258081952
2428	0.00784877502595214
2429	0.00799908161730061
2430	0.00812919520301625
2431	0.00813389465105278
2432	0.00788718381661777
2433	0.00787720017790363
2434	0.00774648383279511
2435	0.00757250728570088
2436	0.00712633459560646
2437	0.00733826206261623
2438	0.00703013372485967
2439	0.00703897570521198
2440	0.00689468557702421
2441	0.00696678475028169
2442	0.00704352045443719
2443	0.00715774817014417
2444	0.00704071908535271
2445	0.00666033319671416
2446	0.006924926930752
2447	0.0069050847329724
2448	0.0067407499779507
2449	0.0067935737736464
2450	0.00651947408063864
2451	0.00673112356143076
2452	0.00693426913537042
2453	0.00717432575136222
2454	0.00676285200464662
2455	0.00689885423834654
2456	0.0068289689560047
2457	0.00685922115751499
2458	0.00675770808051319
2459	0.00679779459865327
2460	0.00655455439431878
2461	0.00644366496576582
2462	0.00693339659634317
2463	0.00684098556348806
2464	0.00669764985150329
2465	0.00659771658894781
2466	0.00665371491744602
2467	0.00644349045796036
2468	0.00679168465590598
2469	0.0069725880309341
2470	0.00701065308838726
2471	0.00715505933501207
2472	0.00672530047178421
2473	0.00645275974661467
2474	0.00674080666940534
2475	0.00655112885326205
2476	0.00683878431259725
2477	0.00712478015553834
2478	0.00692220479764405
2479	0.00665222971452881
2480	0.00645051170876628
2481	0.00700398632424777
2482	0.00652225922521364
2483	0.00672308120414159
2484	0.00702794407637971
2485	0.00679299176653308
2486	0.00694106465797178
2487	0.00701900852211226
2488	0.00686266650756586
2489	0.00718670231656754
2490	0.00702454098551632
2491	0.00707411723811684
2492	0.00714867583948866
2493	0.00727352240232162
2494	0.00708347915740085
2495	0.00679998509609013
2496	0.00723345833437488
2497	0.0072805346919159
2498	0.00743418230594614
2499	0.00716804667753646
2500	0.00718719442857891
2501	0.00750012295725644
2502	0.00728897096520267
2503	0.00784684091349648
2504	0.00788808154136613
2505	0.00755707673957163
2506	0.00741824974330845
2507	0.00756036559856885
2508	0.00740517693912366
2509	0.00765785471423404
2510	0.00779342077274886
2511	0.00801469129333394
2512	0.00783978900591393
2513	0.00803698754250091
2514	0.00794822975980651
2515	0.00834826268046819
2516	0.00824451420564283
2517	0.00891891122221966
2518	0.00777468589774126
2519	0.00839263661956685
2520	0.00841188322692288
2521	0.00835072748530951
2522	0.00851396208652852
2523	0.00858992231572801
2524	0.00867485866046865
2525	0.0081571031515638
2526	0.0086621169494715
2527	0.00883869771899433
2528	0.00894771689551557
2529	0.00915778222274837
2530	0.00885814147300624
2531	0.00891119278914882
2532	0.00921307978449701
2533	0.00914072064177368
2534	0.00885855340575565
2535	0.00924563407411111
2536	0.00964777816190457
2537	0.00935877606828255
2538	0.00972911294852633
2539	0.00952147507203164
2540	0.00926098462963548
2541	0.0097104226909198
2542	0.00999508076645715
2543	0.0100441438717811
2544	0.00992772546998018
2545	0.010217902708597
2546	0.0102638444824169
2547	0.0101511888462157
2548	0.0104435997847423
2549	0.0109140473595318
2550	0.0100203061055565
2551	0.010366487143727
2552	0.0104698410422549
2553	0.0103398893243199
2554	0.010966909075302
2555	0.0115168378808338
2556	0.0114231828431472
2557	0.0116712659692329
2558	0.012138764833753
2559	0.0120394104654689
2560	0.0122769985978062
2561	0.0120272694386367
2562	0.0122891047230773
2563	0.0131508091738282
2564	0.0136435230013079
2565	0.0136523398902676
2566	0.0145996503240893
2567	0.0152383507786114
2568	0.0150749199740219
2569	0.0162113581942498
2570	0.0166183490712647
2571	0.01704776938935
2572	0.0184574906060562
2573	0.0181686433999026
2574	0.0193736763936689
2575	0.0209677882173273
2576	0.0215865853491736
2577	0.022165429626426
2578	0.0222908573474153
2579	0.0224983886326559
2580	0.0215656613916573
2581	0.0211579375818595
2582	0.0207852011721265
2583	0.0190263869951124
2584	0.0187670976380604
2585	0.0186489832090476
2586	0.0175930666633966
2587	0.0167946538354693
2588	0.0165298981393223
2589	0.0165188041593228
2590	0.0154787923493892
2591	0.0153178735139128
2592	0.0149563414485751
2593	0.0153516044577783
2594	0.0156358691832893
2595	0.015699260794369
2596	0.0160059426982397
2597	0.0157057798400094
2598	0.0155222778079367
2599	0.0155499849310152
2600	0.0157818576969026
2601	0.0157499199386487
2602	0.0158033051778352
2603	0.015937011171801
2604	0.0155795616458256
2605	0.0148081456470443
2606	0.0155866240238764
2607	0.0158004517393948
2608	0.0145481865573336
2609	0.0151967641536442
2610	0.0153824404586442
2611	0.0152865073866324
2612	0.015310403636554
2613	0.0146941835605158
2614	0.0147862670846679
2615	0.0152735315521903
2616	0.0151769730819352
2617	0.015187419024841
2618	0.0145479620554001
2619	0.0152289660318198
2620	0.0159114613425121
2621	0.0158730111416159
2622	0.0158435995017566
2623	0.0155269508439811
2624	0.0151845372878374
2625	0.0154378641376555
2626	0.0152486816406941
2627	0.0146428527970064
2628	0.0154255080417442
2629	0.0153792889420063
2630	0.0148166748339464
2631	0.0145973770061913
2632	0.0150825039889183
2633	0.0148010757227099
2634	0.0148727927710377
2635	0.0154948027330752
2636	0.0151859871175508
2637	0.0157787882460975
2638	0.015839871637718
2639	0.0158078338912081
2640	0.0164488529413291
2641	0.0163441331654914
2642	0.0165587202257848
2643	0.0174605209105157
2644	0.0182997383797846
2645	0.0185939217516433
2646	0.0193177471136645
2647	0.0194110493625985
2648	0.0205893100291522
2649	0.0216844229144784
2650	0.0226844809265327
2651	0.0249344883549055
2652	0.0261888334813505
2653	0.0267068207554867
2654	0.0291523071110988
2655	0.0307043248222261
2656	0.032694244874069
2657	0.0338842183158676
2658	0.0358792896494704
2659	0.0370226789400679
2660	0.038803203774651
2661	0.0383783423550725
2662	0.0403290292791083
2663	0.0405419787958867
2664	0.0391777229938559
2665	0.0377254077233382
2666	0.0362358506005663
2667	0.0339769404442591
2668	0.0322755232993861
2669	0.0317797862420876
2670	0.0288370130112077
2671	0.0270900002782692
2672	0.0268027274155064
2673	0.0251677100189648
2674	0.0246639484324718
2675	0.0241242372947706
2676	0.0231862059597717
2677	0.022210812031983
2678	0.0207940350402241
2679	0.0208313749941634
2680	0.0209100402830045
2681	0.0193552059215687
2682	0.0186821859130696
2683	0.0192407212549092
2684	0.0181682368438801
2685	0.017421867903251
2686	0.0181621809513883
2687	0.0177636060670233
2688	0.0165515455967672
2689	0.0165051963236393
2690	0.016329445267985
2691	0.0170756727157989
2692	0.0170565853350243
2693	0.016257528243145
2694	0.017177258897422
2695	0.0166815473088302
2696	0.0166037026783175
2697	0.0168417643399431
2698	0.0175441035463288
2699	0.0181590143421834
2700	0.0181958920862597
2701	0.0186770846254379
2702	0.0184711927702831
2703	0.0191709058700181
2704	0.0198445965544613
2705	0.0208583406948901
2706	0.0219494568798287
2707	0.0233615495161182
2708	0.0242482708398872
2709	0.0261392591153209
2710	0.0282488443574316
2711	0.0316831806075607
2712	0.0352276435456402
2713	0.0391094876120682
2714	0.0430390383393649
2715	0.0486692732787517
2716	0.0543788951203373
2717	0.051845550216036
2718	0.0236070187982638
2719	0.0703192983465621
2720	0.0713123920822507
2721	0.0679109378190958
2722	0.0618862878841117
2723	0.0560250574342919
2724	0.0499562881529481
2725	0.0447340911374089
2726	0.0406611780031496
2727	0.0368333341980117
2728	0.0328536940708379
2729	0.0297508566210855
2730	0.0271056927747637
2731	0.0241907247686475
2732	0.0236327987891988
2733	0.0217155739726796
2734	0.0202110054054972
2735	0.0196498609361448
2736	0.0186157729587421
2737	0.0182972848943685
2738	0.0175086256378378
2739	0.0167537331700192
2740	0.0161877836046615
2741	0.0162027799565051
2742	0.0159890126112546
2743	0.0163013466814511
2744	0.0151044740499819
2745	0.0155643860697494
2746	0.0155026810530273
2747	0.0152029313538174
2748	0.01492019286414
2749	0.0150396410987577
2750	0.0146939892437162
2751	0.0151329150491287
2752	0.0148180237321183
2753	0.01490825181382
2754	0.0145708103152035
2755	0.0140035675055147
2756	0.0156196814619415
2757	0.0155148117037197
2758	0.0151249282513516
2759	0.0154071432176126
2760	0.0159216139236476
2761	0.0155992715949872
2762	0.0154923077431
2763	0.0161928952684331
2764	0.0160786794381226
2765	0.0167522842835912
2766	0.017239341228318
2767	0.0176498194315856
2768	0.0184038280409518
2769	0.0179375790296328
2770	0.0180952425870735
2771	0.0184762553832121
2772	0.0195046383703046
2773	0.0197514254222028
2774	0.0206421142045109
2775	0.0204970199254899
2776	0.0209632868592321
2777	0.0218198683267861
2778	0.0216282681892551
2779	0.0218129936625368
2780	0.0234774811826347
2781	0.0236344391625701
2782	0.0244348583586173
2783	0.0249339846404833
2784	0.0257933384239304
2785	0.0263171108676387
2786	0.0271611787106137
2787	0.0284872437152429
2788	0.0287921663917776
2789	0.0298175657670396
2790	0.0311394010797788
2791	0.0319643655061269
2792	0.0326937798343497
2793	0.0342098291285599
2794	0.0353652481383083
2795	0.0361363953007406
2796	0.0388316947679258
2797	0.040115251557718
2798	0.0409706256199154
2799	0.0420365636300265
2800	0.0437800324395861
2801	0.0456668768621044
2802	0.0470660295087983
2803	0.0490152618866935
2804	0.051849170545535
2805	0.0540580375229513
2806	0.0559073410717326
2807	0.0590556684615816
2808	0.0626278856870113
2809	0.0873168377865053
2810	0.101110624271017
2811	0.0977381713185574
2812	0.0951594836266873
2813	0.0914217254671503
2814	0.0888844366864458
2815	0.0846580321462243
2816	0.0832802826460477
2817	0.0840817356829316
2818	0.0859001249381559
2819	0.0883043038812894
2820	0.0925594946631269
2821	0.0967857265821137
2822	0.101125773435101
2823	0.106267433683497
2824	0.109379888871543
2825	0.113809566706552
2826	0.117692959647664
2827	0.123381753746848
2828	0.131718840570141
2829	0.164204289213201
2830	0.163699659804108
2831	0.147429250055064
2832	0.155696731846118
2833	0.172262408801985
2834	0.18397958918976
2835	0.179030378035787
2836	0.184770203876998
2837	0.193128203338382
2838	0.206725747777737
2839	0.218849455889379
2840	0.230504219079929
2841	0.242041345143896
2842	0.255994593087887
2843	0.271826431706842
2844	0.284880407914354
2845	0.299726239701092
2846	0.315900585261448
2847	0.334777405861293
2848	0.350360990619498
2849	0.363703461244411
2850	0.382426790438293
2851	0.399977898822261
2852	0.415499358801726
2853	0.429903025540868
2854	0.443609510015097
2855	0.459622365109004
2856	0.47044858410498
2857	0.481176786311419
2858	0.491536456331308
2859	0.500497847186816
2860	0.506035960870634
2861	0.512715534826334
2862	0.518970554873508
2863	0.527538246687064
2864	0.528789033740849
2865	0.532830125140962
2866	0.537389778276042
2867	0.544628682763204
2868	0.547455199837378
2869	0.555419981332381
2870	0.566243700621955
2871	0.579619591849825
2872	0.588232080288683
2873	0.599888079183153
2874	0.615956229669251
2875	0.631778833523798
2876	0.640476066726125
2877	0.636580297880108
2878	0.618794207661459
2879	0.594228715589537
2880	0.56749810989181
2881	0.542401849971395
2882	0.516309961707328
2883	0.488060911713672
2884	0.458093903121756
2885	0.434899438698002
2886	0.410295913357346
2887	0.391172848094729
2888	0.374112502823961
2889	0.358783803223112
2890	0.344965162110677
2891	0.33433598600919
2892	0.322594931067059
2893	0.311332555751707
2894	0.30503449359014
2895	0.300128362281977
2896	0.292022116270306
2897	0.287675400389294
2898	0.287125917757773
2899	0.283860320179375
2900	0.282237407021534
2901	0.2818755249973
2902	0.282361675444724
2903	0.291000934324223
2904	0.293741121915398
2905	0.300904544702061
2906	0.307014129000886
2907	0.316955536826099
2908	0.325700528569993
2909	0.333864116903251
2910	0.341566108508953
2911	0.349300200118005
2912	0.354767067452927
2913	0.36071381238713
2914	0.360417913179065
2915	0.361064346687582
2916	0.362796511164491
2917	0.367584580867625
2918	0.366086322880001
2919	0.365518672571005
2920	0.367796339014899
2921	0.368859808447027
2922	0.372171872265946
2923	0.377376553414245
2924	0.379779412701055
2925	0.383847482064607
2926	0.394628385628292
2927	0.403278822440195
2928	0.414165147584081
2929	0.426860863983428
2930	0.440545388772734
2931	0.452683651778636
2932	0.469928833830366
2933	0.485392668502615
2934	0.502875803738146
2935	0.522090867629227
2936	0.540364202506404
2937	0.559145741844472
2938	0.574242968632458
2939	0.585435908706949
2940	0.596157894662372
2941	0.603560817620949
2942	0.606691497083597
2943	0.60445210916265
2944	0.599989123918936
2945	0.598998570450924
2946	0.587870405787245
2947	0.583635233408906
2948	0.578628811993308
2949	0.57119376073282
2950	0.569158594108522
2951	0.57900723924407
2952	0.590145940406056
2953	0.591304323218641
2954	0.601300366136242
2955	0.607003715129685
2956	0.612325929643169
2957	0.621615715889973
2958	0.621865695963069
2959	0.627567035758536
2960	0.640057512112964
2961	0.641696517720324
2962	0.648211422337659
2963	0.650668784656897
2964	0.646339774243497
2965	0.64272881156883
2966	0.639334332901466
2967	0.631647971535419
2968	0.624167208662756
2969	0.616146396012921
2970	0.602829224303372
2971	0.594192267040334
2972	0.585019014276154
2973	0.57674103371821
2974	0.567037409285419
2975	0.559646456619011
2976	0.555750112368878
2977	0.546553362364515
2978	0.542951153378683
2979	0.537301401863649
2980	0.528269547586156
2981	0.525375962917563
2982	0.522246547457398
2983	0.519170852102748
2984	0.513130344596319
2985	0.508659011276506
2986	0.501976796121588
2987	0.494083402468295
2988	0.484256971704738
2989	0.473650453319398
2990	0.459351623323487
2991	0.449497186415369
2992	0.432075742047278
2993	0.418373030714789
2994	0.395785787424024
2995	0.379667463585645
2996	0.36736971931127
2997	0.349109250847424
2998	0.330906105839456
2999	0.31365201917322
3000	0.297251728452649
3001	0.282382635247087
3002	0.270016861227148
3003	0.253284232182164
3004	0.23908747510316
3005	0.228169615927186
3006	0.213261234883261
3007	0.204822697711448
3008	0.19395920950794
3009	0.184282261187247
3010	0.177181566882003
3011	0.169913005500769
3012	0.160430298516825
3013	0.151517222741291
3014	0.144167123767067
3015	0.137220335913376
3016	0.132940631029657
3017	0.129321574965959
3018	0.123133094273361
3019	0.11861807740506
3020	0.114026956267872
3021	0.109581167117636
3022	0.104060523080072
3023	0.10304715153739
3024	0.0970740040438647
3025	0.0934906683130142
3026	0.0907959442499442
3027	0.0880340243056358
3028	0.085082414376802
3029	0.0822917006445941
3030	0.0801532819965957
3031	0.0778186948797052
3032	0.0732053895556607
3033	0.0728213516431325
3034	0.069053708314448
3035	0.067013445118946
3036	0.0667028495238059
3037	0.0648531337592896
3038	0.0641542186790325
3039	0.0602575744641313
3040	0.0582454683388602
3041	0.0576456095486898
3042	0.0557107302019716
3043	0.0541627931436355
3044	0.0531539814427456
3045	0.0511054494071215
3046	0.0511722019442056
3047	0.0512778565159092
3048	0.048033499838934
3049	0.0472082439373866
3050	0.0484908281998954
3051	0.045743391460154
3052	0.0418271872784753
3053	0.0432913228587774
3054	0.0425609190241335
3055	0.0408646031668922
3056	0.0382118439862488
3057	0.0372518190080505
3058	0.0382809141756464
3059	0.0370882665196399
3060	0.0372304554795215
3061	0.0384206920979564
3062	0.0333639652701169
3063	0.0316644771439581
3064	0.0327228151033204
3065	0.0319600584648313
3066	0.031817820454107
3067	0.0318529719858375
3068	0.0304471729499696
3069	0.0301723071205316
3070	0.0278991929721462
3071	0.0289750883033078
3072	0.0287752617734993
3073	0.0269901101238581
3074	0.0271016555131025
3075	0.0277882399661549
3076	0.027666340132692
3077	0.025526466938553
3078	0.0237797485106702
3079	0.026873389870718
3080	0.0271089546557975
3081	0.0237139053007453
3082	0.0208297874447765
3083	0.0245709980290051
3084	0.0247316782132665
3085	0.0235760686598602
3086	0.023242621031775
3087	0.0243440378936625
3088	0.0229781671869672
3089	0.0232541083618009
3090	0.0225741806740623
3091	0.0227826146834641
3092	0.0211051069945087
3093	0.0219886362403661
3094	0.0225741627516391
3095	0.0206173199468553
3096	0.0204397860817291
3097	0.0201882524175227
3098	0.01994394997946
3099	0.0217539119226091
3100	0.0207824081039538
3101	0.0225726949995024
3102	0.022121175390249
3103	0.0224261593803369
3104	0.0197858223255853
3105	0.0204061579559759
3106	0.0184600271005905
3107	0.0186602950879826
3108	0.017640690315147
3109	0.0174739740473878
3110	0.0169204343452113
3111	0.0154182673827461
3112	0.0170864082473332
3113	0.0172363227149264
3114	0.0147553952389554
3115	0.0170476288398202
3116	0.0173376589259092
3117	0.0158692417730182
3118	0.0173643303215802
3119	0.013725120964566
3120	0.0156243214829956
3121	0.0149392811882001
3122	0.0135078162989347
3123	0.0137526611261225
3124	0.0148431330471091
3125	0.0157308004861693
3126	0.0160016479196547
3127	0.0147983750965099
3128	0.014465769822318
3129	0.0142988403720506
3130	0.014091686400984
3131	0.0159002305861246
3132	0.0138819148128357
3133	0.0125008496643555
3134	0.0119100926353461
3135	0.011151572291745
3136	0.014988749906261
3137	0.0150509227925588
3138	0.013453962246887
3139	0.0145914729826544
3140	0.0140487970988313
3141	0.0152441151959039
3142	0.0140353203798233
3143	0.0133241831501866
3144	0.0138976997513028
3145	0.0131208683508399
3146	0.0132052990002589
3147	0.0122827177373978
3148	0.0122872228686348
3149	0.0137037489464681
3150	0.0122169207484593
3151	0.010928708845046
3152	0.01369903534915
3153	0.0105837531346554
3154	0.013549878339761
3155	0.0120936012704168
3156	0.0131941559694168
3157	0.011756150338946
3158	0.0115175387419119
3159	0.0116034248807569
3160	0.0133326519668209
3161	0.0129293436761437
3162	0.0133480624209704
3163	0.0131927155725578
3164	0.0107800791322151
3165	0.0114842228436377
3166	0.0113525298207899
3167	0.0128959136403319
3168	0.0117185462650849
3169	0.0137341444330359
3170	0.0143280576951103
3171	0.0131157236720781
3172	0.0136212548620469
3173	0.0138862850542554
3174	0.0125901674756125
3175	0.0121987870292593
3176	0.0127401092984833
3177	0.0118054388894889
3178	0.0144237304203421
3179	0.0138455596488903
3180	0.0122469257148571
3181	0.012716970506766
3182	0.0150934272342541
3183	0.0155347244592498
3184	0.0155808379110189
3185	0.0145086949693173
3186	0.0128789495950711
3187	0.0143072874931199
3188	0.014387039446782
3189	0.0164681214329072
3190	0.0169258063557629
3191	0.0172989729036542
3192	0.0168649663317846
3193	0.0165971770296791
3194	0.013206442262206
3195	0.0147197182972377
3196	0.0160117090021031
3197	0.0152813108271717
3198	0.0114637422302758
3199	0.0117453157624411
3200	0.0126990782686373
3201	0.0119296327931295
3202	0.0134776547471547
3203	0.0137707986184642
3204	0.0128077277715966
3205	0.0142059437358537
3206	0.012769725631282
3207	0.00969625548697346
3208	0.0138842041665861
3209	0.0129669298275816
3210	0.0144144324558106
3211	0.0132837643125878
3212	0.0144633163369019
3213	0.0136783519294196
3214	0.0117138505901901
3215	0.0127789283239846
3216	0.0133164878276089
3217	0.0119222817697355
3218	0.0118626057599839
3219	0.0126356998635538
3220	0.0111212079335965
3221	0.0129073330538064
3222	0.0127249554179721
3223	0.0120768485210935
3224	0.0138304227475169
3225	0.013576072433002
3226	0.0130182530448075
3227	0.0106820566829651
3228	0.0117377789118165
3229	0.0108372780744148
3230	0.00999712580927995
3231	0.0115901953025329
3232	0.0102285901325741
3233	0.00998995212354775
3234	0.0122995968869694
3235	0.014361743361275
3236	0.0133053051787785
3237	0.0120932135801031
3238	0.0139707609813753
3239	0.0127940680552143
3240	0.0132680435175303
3241	0.0151594241997048
3242	0.0143007958027571
3243	0.0124563190455461
3244	0.00986078238923825
3245	0.0110960391916233
3246	0.0123485411383286
3247	0.0122200298172526
3248	0.011192928755066
3249	0.0116135152050538
3250	0.00960790925971431
3251	0.0138220558057096
3252	0.0113106554937651
3253	0.0121716505938689
3254	0.0123381150044169
3255	0.0122867078347873
3256	0.0103382244255274
3257	0.0116233376362871
3258	0.0123818410007504
3259	0.0121008268368479
3260	0.0131500677514764
3261	0.0130280245386273
3262	0.00978679673943957
3263	0.0128661907162791
3264	0.0152354482893283
3265	0.0132948752717252
3266	0.0107405847143425
3267	0.0143136905146518
3268	0.0138371464860967
3269	0.0128877655407455
3270	0.015055330765396
3271	0.0133418961640826
3272	0.0128021142799737
3273	0.0143379188010465
3274	0.0133730604282799
3275	0.0131395435158795
3276	0.0135888860223493
3277	0.0127680645056312
3278	0.0150727192891024
3279	0.0131080434420674
3280	0.0135098160640566
3281	0.0136702698598136
3282	0.0143314818212389
3283	0.0132617235051166
3284	0.012799010870893
3285	0.0144640143681237
3286	0.0125957338029637
3287	0.0147474131576055
3288	0.0150056139632656
3289	0.0138112297187736
3290	0.0144964548975144
3291	0.0169311595006058
3292	0.0148620251677987
3293	0.0169357542439591
3294	0.0136822043071356
3295	0.0139086371459201
3296	0.0169652375735114
3297	0.0151280788247041
3298	0.0181861177625835
3299	0.0156402790426973
3300	0.0145344994856736
3301	0.0155062079972682
3302	0.0160417007625048
3303	0.0163410278698398
3304	0.0182610815993782
3305	0.0165616613897707
3306	0.0177701864262169
3307	0.0169518910278934
3308	0.0180706105745127
3309	0.0144910319495493
3310	0.0148537667038164
3311	0.0157203903881101
3312	0.0171117364045449
3313	0.0144613873181876
3314	0.0167686059514708
3315	0.0162641557666104
3316	0.0144025630951836
3317	0.0142333508941638
3318	0.0158727970158222
3319	0.0159826576972799
3320	0.0166698383067272
3321	0.0162003311875162
3322	0.0165593201553214
3323	0.0157508453016603
3324	0.0201684905876621
3325	0.0230671529617512
3326	0.0176597512839294
3327	0.0155991027468944
3328	0.0162953398398018
3329	0.0172294942716634
3330	0.020793919959401
3331	0.0204386333869277
3332	0.0173502781984569
3333	0.016277154239903
3334	0.0163257806040706
3335	0.0199088842867041
3336	0.0165271560085631
3337	0.0164023027484036
3338	0.0189962622314643
3339	0.0184937721937376
3340	0.0162525137377733
3341	0.0169690861780857
3342	0.017680808244692
3343	0.0121623677219044
3344	0.0155315163454858
3345	0.0177654718856134
3346	0.0184661009155057
3347	0.017086396927908
3348	0.0154142037090927
3349	0.0170232175560512
3350	0.017369119381733
3351	0.0154545678361362
3352	0.0168655200403349
3353	0.0136934228008125
3354	0.0149326319691697
3355	0.0149636764361167
3356	0.0151395321964543
3357	0.0153953568661039
3358	0.0165824231021922
3359	0.0150070279481325
3360	0.0136534605133642
3361	0.0153206496029476
3362	0.0148728446517367
3363	0.0136534416476555
3364	0.0148804701711922
3365	0.0164060504214364
3366	0.0140006923715092
3367	0.0179977002701098
3368	0.0159957250304092
3369	0.0156568186095124
3370	0.0138788755471645
3371	0.0170472656749278
3372	0.0167730563721525
3373	0.0190730617017152
3374	0.0163669040758892
3375	0.013563472026163
3376	0.0159227024750395
3377	0.0144334255080417
3378	0.0179918764258349
3379	0.018475929949737
3380	0.0140762759468345
3381	0.0162260423186145
3382	0.0163655249925834
3383	0.0194337382071634
3384	0.0163494815939071
3385	0.0172660013045638
3386	0.0168330191406764
3387	0.018703847519796
3388	0.0164370684763912
3389	0.0165431475265405
3390	0.0152403873318653
3391	0.0198103071856183
3392	0.0141211942559577
3393	0.015319752538499
3394	0.0167098336091657
3395	0.0165723714525983
3396	0.018729642603298
3397	0.021878883093448
3398	0.0199820473916035
3399	0.0167980704153144
3400	0.0199634712715346
3401	0.0166150739842349
3402	0.0203390215017198
3403	0.016218915797154
3404	0.0219284395370544
3405	0.0206876098043202
3406	0.0199732229563603
3407	0.0158089186694582
3408	0.0151948785260599
3409	0.0160081613055825
3410	0.0175492189832421
3411	0.016902219503464
3412	0.0178138539388534
3413	0.0164405661787837
3414	0.0188797655369723
3415	0.0194164826867033
3416	0.0157559399862941
3417	0.0183919822624607
3418	0.020801270982795
3419	0.0174069705963781
3420	0.0183410373026942
3421	0.0216820496083243
3422	0.0219912614037314
3423	0.0206846092133518
3424	0.0177455676196522
3425	0.0184442685741156
3426	0.0208940308426039
3427	0.0186326775770204
3428	0.0153141315005926
3429	0.0220188638221266
3430	0.0151212994322837
3431	0.0218778539690385
3432	0.0201541262370599
3433	0.0195354262636134
3434	0.0192008551825753
3435	0.0199084899933923
3436	0.0194905673814726
3437	0.0202112355671433
3438	0.0184449769814772
3439	0.0182315897802569
3440	0.0193802001557364
3441	0.0168444027093044
3442	0.0166384136957499
3443	0.0156270513510441
3444	0.0155875701391676
3445	0.01605347956773
3446	0.0204726246775732
3447	0.0156594079280311
3448	0.016419133790418
3449	0.0173459079570371
3450	0.0148093964435309
3451	0.0136993136183533
3452	0.0239797155900085
3453	0.0180010791185375
3454	0.0114544470956006
3455	0.0131113194723827
3456	0.0139566994253977
3457	0.016436376104882
3458	0.0195203685982165
3459	0.0171137767309406
3460	0.0177347387028599
3461	0.015397267962395
3462	0.0116140321254721
3463	0.0113118317707024
3464	0.0155609383614849
3465	0.0159101115010548
3466	0.0152670672171052
3467	0.0103886873664367
3468	0.0174051208136403
3469	0.0135122554001912
3470	0.0164495113545626
3471	0.0174790725051633
3472	0.0141576465783028
3473	0.0155791116986731
3474	0.0148785590749011
3475	0.0202299975144429
3476	0.0208801862422763
3477	0.0176958140293899
3478	0.0166421783479205
3479	0.0182931787728705
3480	0.0176606257095275
3481	0.0190713581282199
3482	0.01828462034412
3483	0.011532499248909
3484	0.0200688739860271
3485	0.0166724266819605
3486	0.0118165517351971
3487	0.012700190402165
3488	0.0124025404563332
3489	0.0204393474540019
3490	0.0213804935175067
3491	0.0157332058640282
3492	0.0189437674537283
3493	0.0199912142394596
3494	0.0200685664749754
3495	0.024320473680214
3496	0.0170317316503864
3497	0.0148266689431289
3498	0.0185440662865541
3499	0.0184335905829928
3500	0.024410509331687
3501	0.0215725549216153
3502	0.0177879315118177
3503	0.0156633659537158
3504	0.0158618869764825
3505	0.0129041636147453
3506	0.0208544505857567
3507	0.0174866433140636
3508	0.021668641749153
3509	0.0203659353217476
3510	0.0136888959740106
3511	0.0223785498778681
3512	0.0177293110384677
3513	0.013347061595124
3514	0.0244003661834058
3515	0.0244358940860248
3516	0.0277886917998782
3517	0.013713859079759
3518	0.0221910483155516
3519	0.0198487847417921
3520	0.00841678604729916
3521	0.0149345638177403
3522	0.0243230233807444
3523	0.0285547112626866
3524	0.0282620777087974
3525	0.0267458142887934
3526	0.0310823672125302
3527	0.0252118670967419
3528	0.0229391868596566
3529	0.00955088954174722
3530	0.0194676908231062
3531	0.0187366861156402
3532	0.0218216615123978
3533	0.0257708240871709
3534	0.0176179061987531
3535	0.0244309739091965
3536	0.0274302386182
3537	0.0187064689100195
3538	0.0155515611609769
3539	0.00552418890422776
3540	0.0217793957219176
3541	0.0245973826659039
3542	0.0140705737863808
3543	0.0136478677740209
3544	0.0191152378800792
3545	0.0207670882052061
3546	0.0253647123521813
3547	0.0197801314845568
3548	0.0251045542292438
3549	0.0303862961378593
3550	0.0141029520589327
3551	0.0220293229710284
3552	0.0126918187439306
3553	0.0136064160388709
3554	0.0199354349418394
3555	0.021974922756714
3556	0.0216525860877661
3557	0.0230220639179644
3558	0.0235717691648481
3559	0.0255598922579376
3560	0.0247489544860061
3561	0.0324167831231143
3562	0.0152776838946746
3563	0.0233783541461404
3564	0.0199364980245245
3565	0.0223541612329495
3566	0.0208009181940423
3567	0.0241296498665959
3568	0.0276279427557801
3569	0.0345504127109599
3570	0.0233075313324048
3571	0.0315514913578547
3572	0.0257130450244287
3573	0.00967211020969707
3574	0.0294559280537333
3575	0.0169567197060345
3576	0.018052219338389
3577	0.0304613212882072
3578	0.0190769536974195
3579	0.0269291182309248
3580	0.0149108958428939
3581	0.0348590934366671
3582	0.0335479700733263
3583	0.0260766579774357
3584	0.0285809921381875
3585	0.0124675328227958
3586	0.00935180245339109
3587	0.0290499738474113
3588	0.015844717294997
3589	0.0117253973471984
3590	0.0267586099557175
3591	0.0309182289438646
3592	0.036299450677727
3593	0.0252435577142119
3594	0.0288506576350231
3595	0.0207573497263765
3596	0.0302397029782823
3597	0.0214697320927872
3598	0.0142352431247462
3599	0.0240889093686638
3600	0.0392019975012369