3600	0.0324929111800983
3599	0.0215383435199226
3598	0.0236388851917334
3597	0.0339088510910877
3596	0.0120916584553828
3595	0.0117564730912706
3594	0.0213801149853253
3593	0.016972936580943
3592	0.0353184845119874
3591	0.0153998781349218
3590	0.0126347857318366
3589	0.0449622137797571
3588	0.0162304126532856
3587	0.0216128122233281
3586	0.0341450244471099
3585	0.0312051808633499
3584	0.0334217903037748
3583	0.00557965630267908
3582	0.0244595102401615
3581	0.0106392875090604
3580	0.0162339218878002
3579	0.0152775817745324
3578	0.00886529389727599
3577	0.0193021528620198
3576	0.026864774145098
3575	0.0412049135626763
3574	0.0433409714959069
3573	0.0306739546509757
3572	0.0274283949564837
3571	0.0289041404071515
3570	0.0448230856250664
3569	0.0389332641987599
3568	0.0182445687220198
3567	0.0210794821452074
3566	0.0057493889889927
3565	0.0229507285405358
3564	0.033132809985498
3563	0.0227115114489832
3562	0.0111889668301026
3560	0
3559	0.00968605388528204
3558	0.0224716284285286
3557	0.0237371990913084
3556	0.0194755220102871
3555	0.015101841337822
3554	0.0180762887570064
3553	0.0190902524288093
3552	0.0199549589828036
3551	0.0225102981663574
3550	0.0223975214929842
3549	0.0204004354093857
3548	0.0213235225283196
3547	0.011105872470797
3546	0.00949168597130228
3545	0.0207504915251502
3544	0.0154097826576632
3543	0.0170430292339986
3542	0.0169189041255601
3541	0.0205232699513826
3540	0.0283478396551227
3539	0.0183949381187594
3538	0.0153031496225721
3537	0.0157120362865797
3536	0.017961056007365
3535	0.0286181558377639
3534	0.0197833951319707
3533	0.0211644352727763
3532	0.0206449548248573
3531	0.016111934235757
3530	0.0269388552649719
3529	0.021699286247504
3526	0.0122677435104428
3524	0.0177021531274454
3523	0.0152836264289414
3522	0.0201110429601251
3520	0.0166815181299742
3517	0.0204108719840124
3516	0.0205933591653956
3515	0.0120696026353657
3514	0.0242026689520424
3513	0.019066864625309
3512	0.0132564952122782
3511	0.0180751869380206
3510	0.0223731186120651
3509	0.00994075294119246
3508	0.0145125186014357
3507	0.0101285185674278
3506	0.0149180767806109
3505	0.0141122179015205
3504	0.0176587168479731
3503	0.0213976455850904
3502	0.0212268008826297
3501	0.00957000054122373
3500	0.0157011197598496
3499	0.0222318458315463
3498	0.0137742656790853
3497	0.0114460171857349
3496	0.0104753415946604
3495	0.0107854953614495
3494	0.0189310801569331
3493	0.0131933827988941
3492	0.0144175790767751
3491	0.00767582670566597
3490	0.0140950459733356
3489	0.0201141170586317
3488	0.0169965776967823
3487	0.011255008073862
3486	0.012869303211685
3485	0.0133374044370326
3484	0.0124652758120798
3483	0.0114287372133421
3482	0.016569799630594
3481	0.0166946594430742
3480	0.017107263277996
3479	0.0160251586840929
3478	0.0122962279865406
3477	0.00602860844167917
3476	0.0158705529695326
3475	0.0100243148217762
3474	0.0104260578001844
3473	0.00680423484557219
3472	0.00914177346698719
3471	0.0136536674059759
3470	0.0119167154823857
3469	0.00815498063126383
3468	0.015261761195868
3465	0.00965242810329768
3464	0.00572238052485429
3463	0.0112740535490532
3462	0.0172210969485468
3461	0.0142586656642652
3460	0.0136174075115715
3459	0.0152637950639577
3458	0.0111225916564467
3457	0.0167971263807964
3456	0.0164788869906282
3455	0.0124269498699724
3454	0.0152611336734172
3453	0.0112877264455975
3452	0.0150426705128779
3451	0.0126448313124526
3450	0.0141833985945405
3449	0.0140475388442647
3448	0.0114010076813658
3447	0.0166238235969116
3446	0.024027776959139
3445	0.018090135125259
3444	0.0152210139849454
3443	0.0146192743623619
3442	0.0185899591423526
3441	0.0197158253994321
3440	0.0184882642697
3439	0.012945851530445
3438	0.0164976374108151
3437	0.0161070644714205
3436	0.0151351005532811
3435	0.0159419469174717
3434	0.0176412535209089
3433	0.0116469648165996
3432	0.0117297132093595
3431	0.0121358162082943
3430	0.0105555584635841
3429	0.0133332592709797
3428	0.0107578512571201
3427	0.010436972424587
3426	0.0117173781460983
3425	0.012066349906587
3424	0.00801703351350588
3423	0.010717187531528
3422	0.0144399530767875
3421	0.0150001744973656
3420	0.0113271574743524
3419	0.0117195609041681
3418	0.0120339400603915
3417	0.00860981086532608
3416	0.0113143247210687
3415	0.017013954539351
3414	0.0149335480508029
3413	0.0128396412291002
3412	0.0157389831735745
3411	0.0118803159354297
3410	0.0101733263165338
3409	0.0101080565665744
3408	0.0173024403038749
3407	0.0128635577882606
3406	0.0126219589254687
3405	0.0142750846877609
3404	0.00886841145225635
3403	0.0137022429004883
3402	0.0134817770346125
3401	0.0137998215761663
3400	0.016547607802725
3399	0.0149216984638216
3398	0.0147810141194917
3397	0.016646936608338
3396	0.0115053619965299
3395	0.0135905044809392
3394	0.013051556418203
3393	0.0117488526812407
3392	0.00800262835795345
3391	0.0119563917857173
3390	0.0121745116875286
3389	0.0124456843745899
3388	0.0109140742243206
3387	0.0148664609953234
3386	0.0118169767680275
3385	0.0129462563320405
3384	0.0116759842866208
3383	0.0148570291409988
3382	0.0142174338568179
3381	0.0121255910033971
3380	0.0165664270380405
3379	0.0122564815770111
3378	0.00942830058248161
3377	0.0125699082269682
3376	0.0121110735990929
3375	0.0102250811374018
3374	0.011262916660811
3373	0.00975887792082214
3372	0.015000416327187
3371	0.00930830159396963
3370	0.0102868749235846
3369	0.0112089462224492
3368	0.0138691033635252
3367	0.0130239730741018
3366	0.0132731212295787
3365	0.00789365881330875
3364	0.0103498380071111
3363	0.010195027435294
3362	0.0119243908199818
3361	0.015812331366055
3360	0.0102103994359781
3359	0.0142584142256902
3358	0.0137495122214754
3357	0.0105211117387084
3356	0.0126197180121598
3355	0.014897103247874
3354	0.0113544295393943
3353	0.00889935950539132
3352	0.00876316843020815
3351	0.0129683650173408
3350	0.0119745458519195
3349	0.00944637437388813
3348	0.00966593157843475
3347	0.00835237261196385
3346	0.00720474764072919
3345	0.0087233122055352
3344	0.0113681740731388
3343	0.0113005292243685
3342	0.012320538984467
3341	0.0105535084799806
3340	0.01107051519369
3339	0.00975132388659999
3338	0.0111185532606706
3337	0.0112960236329379
3336	0.00824884571217502
3335	0.00916123969361944
3334	0.0116525209441494
3333	0.0107569774889344
3332	0.0113164626573304
3331	0.00972419043439909
3330	0.00971794199100732
3329	0.0104712746639709
3328	0.0129372189964597
3327	0.0100654837724361
3326	0.011093031171321
3325	0.0109455369456089
3324	0.0137942556456312
3323	0.0161823186247409
3322	0.0119900648916703
3321	0.0110449319213727
3320	0.0121300005758436
3319	0.00986676867435623
3318	0.0103493673209996
3317	0.00824495089928496
3316	0.00908928169698815
3315	0.00976410759639379
3314	0.0117763818632768
3313	0.0119671387939244
3312	0.0124493047838695
3311	0.00900824888378158
3310	0.0107078456407305
3309	0.0130056590067271
3308	0.0155693560007448
3307	0.00948275628575346
3306	0.0115318342670788
3305	0.0120686827714409
3304	0.0103114235525013
3303	0.00932464254205735
3302	0.0109291501874168
3301	0.010666894138108
3300	0.0100647790771833
3299	0.0108962056957722
3298	0.0126869134203328
3297	0.0105525705125241
3296	0.00918355978863813
3295	0.0116527097430195
3294	0.0115669826423407
3293	0.0100651072429701
3292	0.00917827274617936
3291	0.01247755076636
3290	0.0147840622080961
3289	0.013240252356883
3288	0.0147610098426439
3287	0.00882744611348565
3286	0.00965758495914115
3285	0.00982526365725181
3284	0.0108572401945649
3283	0.0102335611367074
3282	0.0109902866023154
3281	0.00800544780163745
3280	0.00851176511396008
3279	0.0127314631955402
3278	0.0113183413514753
3277	0.0127484749968733
3276	0.0136892410228575
3275	0.0121517530917242
3274	0.010671964378064
3273	0.0103037170235883
3272	0.0099779319511586
3271	0.0105974517668817
3270	0.0118562345250184
3269	0.0115062120684551
3268	0.010822022090143
3267	0.0105042801957657
3266	0.0135964017249563
3265	0.0118032861107132
3264	0.0116226045181119
3263	0.00934628770496621
3262	0.0105683363178651
3261	0.013060756479912
3260	0.0138997099117296
3259	0.0104607843271678
3258	0.0131992448869838
3257	0.0135849158881414
3256	0.0108899812742646
3255	0.00744407427321602
3254	0.00962389327550273
3253	0.0106837125989782
3252	0.00976932991401376
3251	0.0122489897083403
3250	0.0133639586390588
3249	0.0101247175627088
3248	0.0125260250947497
3247	0.0116520952797903
3246	0.0104000295945865
3245	0.0116292877776008
3244	0.0122437799643628
3243	0.0072154667081431
3242	0.00932893583258913
3241	0.00746906138578024
3240	0.0089637530135679
3239	0.00704648716073924
3236	0.0086822335326006
3235	0.00844160992974074
3234	0.00996458544375283
3233	0.00774518498030345
3232	0.00950481865251951
3231	0.00875362961137501
3230	0.0116342108985123
3229	0.00873482495485807
3228	0.0119950562564409
3227	0.0114383169007981
3226	0.0101214749796771
3225	0.0112513194321486
3224	0.010828033530941
3223	0.00981271496774646
3222	0.00935393335368436
3221	0.0106071734833705
3220	0.0154333604539868
3219	0.0116953553340352
3218	0.0118959549703473
3217	0.0128792776064037
3216	0.0124596560222525
3215	0.0119477131045786
3214	0.0132698418167998
3213	0.0136552443784009
3212	0.0135977108976467
3211	0.01662984148163
3210	0.0167229941208734
3209	0.0203417040221092
3208	0.0229467265517675
3207	0.0174120133205228
3206	0.0220976232140907
3205	0.0219315412314803
3204	0.0186266469633435
3203	0.018736597549168
3202	0.0187646400225978
3201	0.0166797259603138
3200	0.0101513090172217
3199	0.0121268395015497
3198	0.0115522715205358
3197	0.00896261201120447
3196	0.00887987809441471
3195	0.00950172636479087
3194	0.00926586268827322
3193	0.0125190042835154
3192	0.0124109313464126
3191	0.0112403232361685
3190	0.00970039446452575
3189	0.0102285351644281
3188	0.0112817216543769
3187	0.0126102603707282
3186	0.0126287701607598
3185	0.00980560524983386
3184	0.00940516461744506
3183	0.010565365436339
3182	0.0122433372304699
3181	0.0103996142073664
3180	0.0115896757420924
3179	0.0116927524529208
3178	0.011008255611463
3177	0.0146184717800735
3176	0.0169666053663077
3175	0.0139830614680071
3174	0.0192264552550069
3173	0.0231928040534932
3172	0.0274000608899429
3171	0.0282694883240064
3170	0.0254816370794709
3169	0.0274966901727737
3168	0.0260527332726886
3167	0.023573406557067
3166	0.022424664211177
3165	0.0213684471306098
3164	0.0193005519019869
3163	0.0157400432727458
3162	0.0165370695249821
3161	0.0136803574730366
3160	0.0115447563612058
3159	0.013345053381976
3158	0.017281513563826
3157	0.0161044440751821
3156	0.0133622746735618
3155	0.0140383454378458
3154	0.0131388375148458
3153	0.0158174685987898
3152	0.0122204770857923
3151	0.0149719060182807
3150	0.0136564778921535
3149	0.0117615454163603
3148	0.0148257429534235
3147	0.0158748152915427
3146	0.0137820835998457
3145	0.0149467462223601
3144	0.0162704939238809
3143	0.0136372001901819
3142	0.0167641131368628
3141	0.016594970783353
3140	0.0123908173229736
3139	0.0152024932608149
3138	0.0172784470060774
3137	0.0162461328941682
3136	0.0143249673726584
3135	0.0192733659501153
3134	0.017223975164441
3133	0.0173273224228106
3132	0.0192995715349052
3131	0.0184889779967242
3130	0.0178487588119415
3129	0.0162637230030812
3128	0.0165322502151713
3127	0.0189835475965625
3126	0.0194850903066284
3125	0.0236615602393676
3124	0.023336432332565
3123	0.0226709457989456
3122	0.0231137113973212
3121	0.0238590001781454
3120	0.0247182018360421
3119	0.0242838865595196
3118	0.0251774119022586
3117	0.0277921066650383
3116	0.0265952242120026
3115	0.0307858255193674
3114	0.0290061603950116
3113	0.0295751866044792
3112	0.0308703299661275
3111	0.0322045950369259
3110	0.0336950845145241
3109	0.0320761834474885
3108	0.0352927550632204
3107	0.0361692246625735
3106	0.0363569070719751
3105	0.0369837043931871
3104	0.0373369106262958
3103	0.0378498426800388
3102	0.0396098296139125
3101	0.0418263787739757
3100	0.045917252323932
3099	0.0439431596507692
3098	0.0447204419422614
3097	0.0470828324795915
3096	0.0535509194975571
3095	0.051782690063976
3094	0.0542269831209718
3093	0.0554330176890641
3092	0.0593328123979876
3091	0.0592769062413556
3090	0.0641864384957099
3089	0.0672687829066917
3088	0.0716956134516651
3087	0.0730640227315548
3086	0.0760183943223816
3085	0.0821482939662316
3084	0.0873560082115518
3083	0.0948895377247359
3082	0.102804105957201
3081	0.110948081823442
3080	0.1222492521322
3079	0.127223958568832
3078	0.142967461067157
3077	0.158483927088758
3076	0.177340653161806
3075	0.200750420759022
3074	0.221002308544516
3073	0.242724597245652
3072	0.267167363272846
3071	0.293075120830138
3070	0.320258664012245
3069	0.343017531221009
3068	0.368305425778116
3067	0.379243338571879
3066	0.392239049890739
3065	0.410682389889485
3064	0.423649555463588
3063	0.449400142288951
3062	0.473690888418878
3061	0.51609749121646
3060	0.556915427695856
3059	0.605133199535294
3058	0.652889240924435
3057	0.663717491406408
3056	0.666096435798271
3055	0.640866928752742
3054	0.590470775150913
3053	0.523699222908976
3052	0.472137952913813
3051	0.422465653802625
3050	0.373887118519598
3049	0.343671377726453
3048	0.312794363118364
3047	0.293500106086844
3046	0.274209552772841
3045	0.263272302480362
3044	0.25383158214391
3043	0.245664049378386
3042	0.243143788183974
3041	0.241872821743291
3040	0.239059965813941
3039	0.235326457425029
3038	0.232817920869525
3037	0.228152456082172
3036	0.223852104310415
3035	0.213255339980733
3034	0.209182566340627
3033	0.2006395262474
3032	0.192503368079124
3031	0.179014866910687
3030	0.170843793599365
3029	0.164817859721702
3028	0.156691739381915
3027	0.144654855512461
3026	0.136297048156299
3025	0.12812940089122
3024	0.124431543988941
3023	0.117145952191058
3022	0.107964706712439
3021	0.105172186858997
3020	0.100145861660763
3019	0.097706117760213
3018	0.0982427922158846
3017	0.096141121606923
3016	0.091214378937955
3015	0.0895362835839354
3014	0.0858809344538956
3013	0.0868768698301981
3012	0.0877857672193229
3011	0.0910396843529535
3010	0.0906433234591174
3009	0.0940812876484588
3008	0.0977267716219411
3007	0.100505568512776
3006	0.108888996382317
3005	0.110880092653382
3004	0.110157850491039
3003	0.110519139285522
3002	0.105353994406722
3001	0.0998181101986016
3000	0.0959368507469058
2999	0.088908159197871
2998	0.0840122776405267
2997	0.0804669999255316
2996	0.0757272564790105
2995	0.073056274414275
2994	0.0752824827882267
2993	0.0730293327029823
2992	0.0738147931578063
2991	0.0757516508537262
2990	0.0771160609954826
2989	0.078810389196255
2988	0.0848464020738021
2987	0.0926089794294929
2986	0.102960173476247
2985	0.118609984702418
2984	0.13381029042935
2983	0.143304099466768
2982	0.14119692303054
2981	0.13079176281852
2980	0.11558409065657
2979	0.099301845952487
2978	0.0906221309130644
2977	0.0832448648643785
2976	0.0786827210455706
2975	0.0771957550156731
2974	0.0723007440331178
2973	0.0720959949976455
2972	0.0694379332332506
2971	0.0674251023784555
2970	0.0693352000267961
2969	0.0689897634478845
2968	0.0666820890613219
2967	0.0672545128049711
2966	0.0655727311285925
2965	0.0676525930887284
2964	0.0684177533890722
2963	0.0705278125885004
2962	0.0704356441381319
2961	0.0713294703571119
2960	0.0706077749511316
2959	0.0743523264772413
2958	0.0754624282257616
2957	0.0767977032325531
2956	0.0791768577544901
2955	0.0802230096027692
2954	0.0827317083816844
2953	0.0833688181349396
2952	0.0854112983129865
2951	0.0870858807363776
2950	0.087156602711383
2949	0.0887849707943833
2948	0.0915567244059532
2947	0.0960010492807886
2946	0.0964974248692975
2945	0.0978720096528842
2944	0.0986979661885413
2943	0.101987479201427
2942	0.105884423075406
2941	0.107322524959718
2940	0.113032786629694
2939	0.117232910891737
2938	0.121878158592913
2937	0.126899697780638
2936	0.133531895735636
2935	0.141452834297561
2934	0.153059242638712
2933	0.161525106113802
2932	0.17453166944021
2931	0.192055447692901
2930	0.207170000337815
2929	0.218459410880302
2928	0.239036854950488
2927	0.258248859599738
2926	0.279174247030988
2925	0.294107935482705
2924	0.314863195943118
2923	0.331089287022317
2922	0.349561927430018
2921	0.35877787003809
2920	0.366706625486779
2919	0.362545090219328
2918	0.356352628888781
2917	0.342180582968125
2916	0.320893164708962
2915	0.298773710429429
2914	0.278392741035306
2913	0.25299838787455
2912	0.231840780369605
2911	0.212853287562754
2910	0.193567337241637
2909	0.173387347715119
2908	0.159478417798661
2907	0.147166069488329
2906	0.133160621320987
2905	0.120548463227126
2904	0.113803130121407
2903	0.105650766173129
2902	0.0963462061661338
2901	0.0891443246817989
2900	0.0860799720907574
2899	0.0826396342136407
2898	0.0769044241288993
2897	0.0755363698530395
2896	0.0730506601943257
2895	0.0731833041655366
2894	0.0717351098793569
2893	0.0706574754238968
2892	0.0695483004973643
2891	0.0703160953500057
2890	0.0700117422084166
2889	0.0684931936962846
2888	0.0693381780606169
2887	0.0731024423618666
2886	0.0741217028676882
2885	0.0767183251644066
2884	0.0789931318208126
2883	0.0815621161714874
2882	0.100967407098684
2881	0.0987849629986106
2880	0.0891749456374211
2879	0.0884430044894036
2878	0.091664525144546
2877	0.0949182554901754
2876	0.0939023264969147
2875	0.0980112141577488
2874	0.0949195658682445
2873	0.0940555148917481
2872	0.0955691173350711
2871	0.0956768854598859
2870	0.0977462474230509
2869	0.0980389849353858
2868	0.0979769038806025
2867	0.0987644244247882
2866	0.0981928169110567
2865	0.096377675959739
2864	0.0932234926789629
2863	0.0934094091399759
2862	0.0922268768806503
2861	0.0901240519301816
2860	0.0875254023921
2859	0.0859892108772084
2858	0.0815612626833703
2857	0.0782815719075612
2856	0.0726330968029213
2855	0.0676135304431359
2854	0.0624095109692511
2853	0.0585313305746815
2852	0.0530013845934545
2851	0.0489846788249611
2850	0.0455299192711769
2849	0.0418517109676178
2848	0.0369062359248676
2847	0.0362266159314886
2846	0.0327755876532634
2845	0.030504367929742
2844	0.0287350777400296
2843	0.027669188934771
2842	0.0255420395444035
2841	0.023690681972349
2840	0.0224595151778041
2839	0.021493749357072
2838	0.0206576918505043
2837	0.020305780594038
2836	0.0201301583701334
2835	0.0189971001837419
2834	0.0178688972171644
2833	0.0177800739784004
2832	0.016574315699108
2831	0.0159827226633077
2830	0.0155630998509269
2829	0.0154508036666505
2828	0.0165634293525476
2827	0.0155573711257112
2826	0.0146868571883983
2825	0.0141624160471703
2824	0.0144104741746647
2823	0.0139632500860319
2822	0.0143872439958557
2821	0.012817365516012
2820	0.0127847955315393
2819	0.0120094348593852
2818	0.0127755501967193
2817	0.0130451461227253
2816	0.0121045555564675
2815	0.0116105865494339
2814	0.0124127713427589
2813	0.0130363602485703
2812	0.0129863421442286
2811	0.0120056070964009
2810	0.0118759862950172
2809	0.0112356335531288
2808	0.0111596425135171
2807	0.0107337155189756
2806	0.00962726980981602
2805	0.0103226751288162
2804	0.0107698484430123
2803	0.00981948566575101
2802	0.00976908532496054
2801	0.00920467164858131
2800	0.00932737004562171
2799	0.00838097805438654
2798	0.00910654070950162
2797	0.0089328428127526
2796	0.00870630175239826
2795	0.00793664950254042
2794	0.00832759232182361
2793	0.00745134891093191
2792	0.00795719738805637
2791	0.00810177862469742
2790	0.00781696038776462
2789	0.00788252839755041
2788	0.00659114326395807
2787	0.00741260887838631
2786	0.00781141911893549
2785	0.00773143724173679
2784	0.00874270070523394
2783	0.00886461764553351
2782	0.00946693033144267
2781	0.0100923736695817
2780	0.010619109149246
2779	0.00995871063920321
2778	0.00953034879105697
2777	0.00843494686463008
2776	0.00846110308601907
2775	0.00830860082589117
2774	0.00867983582865395
2773	0.00756550719968577
2772	0.00711011052902457
2771	0.00765978973581277
2770	0.00794297117697442
2769	0.00797112343127162
2768	0.0077356764387559
2767	0.00704827428037695
2766	0.007266610310593
2765	0.00689388400869801
2764	0.00711224580888297
2763	0.00715341863846302
2762	0.00766757860751711
2761	0.00692651405073738
2760	0.00792894004301473
2759	0.00723129908923621
2758	0.00752467072789773
2757	0.00707600378378972
2756	0.00757728532656041
2755	0.00794410255915881
2754	0.00806813470490518
2753	0.00848812839118351
2752	0.00900376102455743
2751	0.00891686847117899
2750	0.00983543358039573
2749	0.0105111428738788
2748	0.0107956722483691
2747	0.0123850431075645
2746	0.0127054493116697
2745	0.013672077806533
2744	0.0158935717386232
2743	0.019049837388273
2742	0.0222422207604771
2741	0.0251163150020741
2740	0.0287011669745229
2739	0.0333688877224247
2738	0.0363974776520688
2737	0.0399939383128469
2736	0.041207930945543
2735	0.0394630397749677
2734	0.0364915720977
2733	0.031094101597446
2732	0.0262713465571501
2731	0.0223824065921562
2730	0.0178792577786663
2729	0.0145517636476794
2728	0.0118276361034984
2727	0.0103637166520926
2726	0.00987038860376941
2725	0.00806167821657262
2724	0.00683976722821841
2723	0.00618562221730284
2722	0.00567844537854416
2721	0.00554803258620926
2720	0.00534940396691224
2719	0.00577706940892666
2718	0.00493133033469341
2717	0.0036291278753264
2716	0.00399208079511545
2715	0.00399463237622519
2714	0.00407730467016974
2713	0.00375143747203108
2712	0.00419517348026031
2711	0.00395613184843391
2710	0.00378840230733426
2709	0.00476632943969719
2708	0.00420535128121117
2707	0.00527707015490185
2706	0.00461656902771177
2705	0.00493716153995179
2704	0.00522352367851598
2703	0.00428761457472911
2702	0.00387889834327584
2701	0.00346991113582932
2700	0.00359857210727134
2699	0.00300642296913805
2698	0.00303565725935685
2697	0.00215803886552383
2696	0.00274053887838865
2695	0.0025747293799231
2694	0.00265020785365348
2693	0.0022292652543943
2692	0.00216534879627186
2691	0.00260494140367101
2690	0.00235355960714648
2689	0.00188173237334493
2688	0.00201618761746963
2687	0.00228451048073286
2686	0.00201182837386954
2685	0.00208358193598353
2684	0.0023631160553576
2683	0.00182913337605338
2682	0.00195184419249355
2681	0.00160449888208471
2680	0.00131023388069232
2679	0.00156720109375597
2678	0.00157934405049645
2677	0.00178699055935916
2676	0.00157497427839876
2675	0.00190222642241951
2674	0.00196880099770806
2673	0.00149028663121017
2672	0.00266573351441827
2671	0.00220263216004473
2670	0.00354786805103033
2669	0.00342990259927181
2668	0.00361572231578836
2667	0.00447960027759213
2666	0.00518433554785648
2665	0.00529731646151534
2664	0.00493265921047021
2663	0.00508817081570235
2662	0.00517650645877657
2661	0.00447237426633941
2660	0.00335829028355141
2659	0.00378624642749627
2658	0.00325034448248452
2657	0.00295808744210832
2656	0.00254762757605467
2655	0.00246934539711609
2654	0.00181638742146343
2653	0.00168473670517507
2652	0.00142151995759484
2651	0.00149828795805616
2650	0.00135513758023006
2649	0.00170439074809374
2648	0.00201295045007314
2647	0.00186820850959801
2646	0.00205370530458211
2645	0.00209231437929854
2644	0.00145361454298238
2643	0.00133261974597306
2642	0.00148072184817648
2641	0.00159354017852447
2640	0.00190524906667862
2639	0.00157914160399714
2638	0.00194988517213879
2637	0.00202609538502199
2636	0.00196005613499327
2635	0.00202723590180631
2634	0.00148930405902806
2633	0.001334537634921
2632	0.00224673527673748
2631	0.00265519316296702
2630	0.00228256515370895
2629	0.00238581526769331
2628	0.00288370640001361
2627	0.00312800858453025
2626	0.00305467785575962
2625	0.00355748892702008
2624	0.00310834083114264
2623	0.00350945466469457
2622	0.00365557998577325
2621	0.00347145126708173
2620	0.00418236792511933
2619	0.0045021609227884
2618	0.00485160808807491
2617	0.00568092441984781
2616	0.0059062245742217
2615	0.00734252406314881
2614	0.00823456886947381
2613	0.00851206990339735
2612	0.0106914201904525
2611	0.0124533402604582
2610	0.0131181902455681
2609	0.0127810928137445
2608	0.011649083535354
2607	0.0106904082835796
2606	0.00938312837483503
2605	0.00811424334329319
2604	0.00775446580809997
2603	0.00716858647312652
2602	0.00616515080764011
2601	0.00563078224718752
2600	0.00620048733052479
2599	0.00588244940998498
2598	0.00539697482110021
2597	0.0059483531491663
2596	0.00607021057460527
2595	0.00649246471161074
2594	0.00744483349043368
2593	0.0081700061569724
2592	0.00917743381972289
2591	0.00965360982004117
2590	0.0105672959846199
2589	0.0118717234817153
2588	0.0116171736528339
2587	0.0116614885505703
2586	0.0115434654691406
2585	0.0103975918046563
2584	0.00934375017137444
2583	0.00954102744686367
2582	0.00873450738612121
2581	0.00805740368653251
2580	0.00780620209698414
2579	0.00724205094180898
2578	0.00731633355416207
2577	0.006745979531479
2576	0.00613684669847399
2575	0.00551431049960596
2574	0.0058056111890719
2573	0.00583691072150358
2572	0.00520445560961449
2571	0.00596157462280801
2570	0.00558093900273903
2569	0.00554771585723861
2568	0.00518423815782543
2567	0.00536120064862151
2566	0.00542423886551779
2565	0.00598453067792857
2564	0.00522839152909955
2563	0.00544711381750186
2562	0.00541781922407051
2561	0.00593601603504751
2560	0.00631560267856314
2559	0.00650980615260603
2558	0.00692053011085499
2557	0.00797298559858871
2556	0.00788995701525791
2555	0.00773394450375568
2554	0.00889767983012855
2553	0.00873983391473053
2552	0.00862871542546005
2551	0.0080839540496274
2550	0.0071222624832603
2549	0.0065552970144016
2548	0.00670910985825566
2547	0.00605125702239562
2546	0.00656355369301894
2545	0.00581606510744186
2544	0.0056054514360177
2543	0.00538296545822266
2542	0.00503402779681281
2541	0.00472243746422615
2540	0.00431488347493777
2539	0.00443691015040314
2538	0.00406168939435233
2537	0.00393235447338408
2536	0.00375138032222638
2535	0.00346667091785349
2534	0.00302050194692165
2533	0.00319688562742057
2532	0.00281822883362127
2531	0.00282690039674149
2530	0.00286538833946481
2529	0.0024249333549946
2528	0.0025455399800647
2527	0.00298614857320132
2526	0.00286278032834999
2525	0.00270937198331858
2524	0.00250766086214013
2523	0.0026383787066963
2522	0.0023662558784246
2521	0.00249327073668928
2520	0.00199566311972861
2519	0.00179135433883939
2518	0.00139128175256394
2517	0.00179929361438802
2516	0.0018299838935688
2515	0.00167024100340067
2514	0.00168104917743732
2513	0.00174717400935571
2512	0.00213001393006884
2511	0.00208977464060635
2510	0.00167080326973198
2509	0.0017350336861678
2508	0.00183913366070762
2507	0.00184160865171023
2506	0.00169384632920337
2505	0.00146047225676314
2504	0.00156986612328351
2503	0.00154613271313742
2502	0.00131480670483504
2501	0.00181611514868833
2500	0.00168793843672204
2499	0.00152750908051207
2498	0.00129350490919545
2497	0.00155507217882076
2496	0.00165398662549892
2495	0.00142024684343776
2494	0.00187432671496022
2493	0.00168772119434165
2492	0.00148678141272048
2491	0.00189510795837025
2490	0.00220170746317964
2489	0.00227731505525128
2488	0.00255159807073329
2487	0.00246829309577402
2486	0.0025193695169261
2485	0.0026109554837343
2484	0.00218209544284827
2483	0.00195209244909722
2482	0.00207264811121172
2481	0.00224391096583701
2480	0.00205178294830637
2479	0.00196738099301436
2478	0.00194377579860366
2477	0.002294120828225
2476	0.00206461706692431
2475	0.00183163752465327
2474	0.00239510733236167
2473	0.00223387637644693
2472	0.00251778630623773
2471	0.00264423992074358
2470	0.00275495954962176
2469	0.00294028786008065
2468	0.00277037689196921
2467	0.00296191930680786
2466	0.00295421826779518
2465	0.00271432658689438
2464	0.00247055009032045
2463	0.00262631600190068
2462	0.00245754974940469
2461	0.00233058807633411
2460	0.00193454096943044
2459	0.00196127085969074
2458	0.00172354722095643
2457	0.00158096952370534
2456	0.00212776890361925
2455	0.00171404587740507
2454	0.00166559655919582
2453	0.00140119872898128
2452	0.00145538761510212
2451	0.00156049008770558
2450	0.00149039626354745
2449	0.00148986937593871
2448	0.00151003156311254
2447	0.00157301021373396
2446	0.00160764153864862
2445	0.00194107501331566
2444	0.00169608843646561
2443	0.00181995931282105
2442	0.00209272842974789
2441	0.00222683032652447
2440	0.00282868549979773
2439	0.00337261313630132
2438	0.00355292864224375
2437	0.00399657200769179
2436	0.00432114173274022
2435	0.00499497723357106
2434	0.00519968589742507
2433	0.00531321831469711
2432	0.00506546866704121
2431	0.00453887573055234
2430	0.00443525085232484
2429	0.00402009570479002
2428	0.00381753133542775
2427	0.00344986925802045
2426	0.00352502277649882
2425	0.00324664999668378
2424	0.0032004141022932
2423	0.00340074893803579
2422	0.00340290310977786
2421	0.00336364213082672
2420	0.00338620237042162
2419	0.00359901544099727
2418	0.00390784338258882
2417	0.00330118239289127
2416	0.0034415804797677
2415	0.00356688246629669
2414	0.00364873783337473
2413	0.00350062364310786
2412	0.00285415987671545
2411	0.00322347529385977
2410	0.00322937876471486
2409	0.00280640640479387
2408	0.00300561356589137
2407	0.00265913267769853
2406	0.00269249297930262
2405	0.00270478623134619
2404	0.00233208589365175
2403	0.00225180798457782
2402	0.00223822439460057
2401	0.00217854030111354
2400	0.00229550284920704
2399	0.00194739547665823
2398	0.00218236054047796
2397	0.00192850853447686
2396	0.00175682274616089
2395	0.0023557219080541
2394	0.00260887303488288
2393	0.00276578977466262
2392	0.00272050591238459
2391	0.00300398555053303
2390	0.00304201483236869
2389	0.00298270689702248
2388	0.00296089357521206
2387	0.00258498075467793
2386	0.00226711208416451
2385	0.00219544034498663
2384	0.00261874121916887
2383	0.00219988498195744
2382	0.00173124476379953
2381	0.00181516429910373
2380	0.001877109723073
2379	0.00198993277782008
2378	0.00165604881141978
2377	0.0015845016832665
2376	0.00164119034777527
2375	0.00135507751695071
2374	0.00160700159108536
2373	0.00165824077835457
2372	0.00158692399179221
2371	0.00156277425183131
2370	0.00147162240988407
2369	0.0014728431329117
2368	0.00173178195711076
2367	0.00172146585751714
2366	0.00167721241124513
2365	0.00133625455124504
2364	0.00137644185517946
2363	0.00180882193899972
2362	0.00195836212657776
2361	0.00198705016315043
2360	0.0021573262296244
2359	0.00211265104932774
2358	0.00194854308861023
2357	0.0020382461167409
2356	0.00186379855440093
2355	0.0016803070183281
2354	0.0013740638714573
2353	0.00160426061127258
2352	0.00169720101245677
2351	0.0012956320713137
2350	0.00116429791261512
2349	0.00141914249944066
2348	0.00151243266611295
2347	0.00130187396224385
2346	0.00119869678795426
2345	0.00107229435919912
2344	0.00107446449221212
2343	0.00115225796148526
2342	0.0011553547051163
2341	0.00101917242748403
2340	0.00109755125380326
2339	9.88804995570667E-4
2338	0.00129864826593971
2337	0.00125816031998487
2336	0.00108407037808916
2335	0.00105750425938037
2334	0.00118584614822125
2333	0.00153478384961996
2332	0.00158401393904659
2331	0.00160779072568879
2330	0.00140914672781578
2329	0.00113716891060392
2328	0.00102047353384854
2327	0.00114505759452216
2326	0.00106830943996463
2325	9.28079911878445E-4
2324	0.00127826196401294
2323	8.6946160169462E-4
2322	0.00103969374325371
2321	0.00131121456768495
2320	0.001106984793373
2319	0.001417464303766
2318	0.00126792311075357
2317	0.00220310399440797
2316	0.00238621470506785
2315	0.00220975613113234
2314	0.00223813257444752
2313	0.00219157751747807
2312	0.00217730170877472
2311	0.00206436256063188
2310	0.0019965110722438
2309	0.00135940012503524
2308	0.00152163393320073
2307	9.8834587195467E-4
2306	9.26967135942947E-4
2305	8.5257934715498E-4
2304	5.77090747288122E-4
2303	4.98288181788163E-4
2302	3.48720590410325E-4
2301	4.66904090039276E-4
2300	3.89244372103361E-4
2299	0.00115003051871208
2298	0.00141266396010388
2297	5.00940152094035E-4
2296	2.52698070095295E-4
2295	2.29765014286386E-4
2294	3.53092893232075E-4
2293	3.90103807136289E-4
2292	1.56350777334508E-4
2291	4.06285199641704E-4
2290	5.22970156440695E-4
2289	4.73136874932968E-4
2288	3.97174513052063E-4
2287	4.00938722300067E-4
2286	5.41837492651481E-4
2285	6.42939518914371E-4
2284	2.83204423335216E-4
2283	5.59504882907775E-4
2282	5.14515292994803E-4
2281	3.94245368478443E-4
2280	4.38177309966453E-4
2279	4.65609513285607E-4
2278	4.42073608157322E-4
2277	5.72046894272206E-4
2276	2.14382062365195E-4
2275	3.53658010198384E-4
2274	5.85403975877148E-4
2273	6.43981320322313E-4
2272	4.47339696449396E-4
2271	6.9518495748809E-4
2270	8.53534864011715E-4
2269	7.98847539505182E-4
2268	5.23877755208477E-4
2267	7.55126716388096E-4
2266	6.32925146753291E-4
2265	9.04844231743815E-4
2264	6.05769100842103E-4
2263	0.0015213281040529
2262	0.00107208520599541
2261	9.88480623013587E-4
2260	0.00119804832276217
2259	0.00121370228495278
2258	0.00105030991359822
2257	0.00100185418574474
2256	0.00110512627075558
2255	9.63161968459565E-4
2254	0.00101542463080989
2253	5.87522220477893E-4
2252	9.22778696222402E-4
2251	7.56280697995461E-4
2250	7.82804651299557E-4
2249	9.48395113598365E-4
2248	7.58418839914258E-4
2247	8.89399017155541E-4
2246	9.04756598996494E-4
2245	8.84770197172583E-4
2244	8.09352323714924E-4
2243	7.4174649265412E-4
2242	0.00109780336076362
2241	0.00123513903730832
2240	0.00108262983625552
2239	0.00115309589964542
2238	0.00109238528049794
2237	7.51977673030735E-4
2236	6.26760765674228E-4
2235	6.95269351137123E-4
2234	6.29906895556939E-4
2233	5.98427784545589E-4
2232	4.68279889896034E-4
2231	7.39196493961003E-4
2230	6.17547256280217E-4
2229	4.84677485071272E-4
2228	6.67894966008035E-4
2227	4.31536415826618E-4
2226	3.47065868201029E-4
2225	4.23722362560987E-4
2224	5.34525602448933E-4
2223	3.35663888041813E-4
2222	5.86071864233567E-4
2221	2.62848575787578E-4
2220	4.01834073048928E-4
2219	4.20198457844666E-4
2218	5.69814332923962E-4
2217	6.38281564184911E-4
2216	6.88899690061827E-4
2215	9.3291398329416E-4
2214	0.00107843170780359
2213	0.00125465229656175
2212	0.00106850556251015
2211	0.00130425673320474
2210	0.0010118658558009
2209	0.00128704661565114
2208	0.00138432808263868
2207	0.00155742163334212
2206	0.00151155616154619
2205	0.00142809678385585
2204	0.0011180390189129
2203	0.00127272865868119
2202	7.71102971714663E-4
2201	7.05254028707553E-4
2200	9.88042670646715E-4
2199	7.04926748388519E-4
2198	3.30770490284448E-4
2197	7.37277473899374E-4
2196	5.01280680153685E-4
2195	4.19234434784492E-4
2194	4.47455784132467E-4
2193	2.10091822412757E-4
2192	3.79496759966327E-4
2191	3.26821406788153E-4
2190	3.92753458087833E-4
2189	4.17460311528798E-4
2188	5.0464577765079E-4
2187	4.30426410548384E-4
2186	3.96021079863456E-4
2185	4.68706868175058E-4
2184	3.52210190390812E-4
2183	4.79571163731239E-4
2182	6.29408228663436E-4
2181	9.18741734332884E-4
2180	6.83494080610182E-4
2179	2.66594624376929E-4
2178	4.22186961420353E-4
2177	4.59311769332607E-4
2176	4.19258616624088E-4
2175	5.65365965563061E-4
2174	2.41744427983176E-4
2173	4.93147921324803E-4
2172	4.89778350787206E-4
2171	5.85723538344707E-4
2170	9.44792556491882E-4
2169	8.23857057260736E-4
2168	9.69555005884407E-4
2167	7.60445452880908E-4
2166	0.00109919927502086
2165	7.80601636011884E-4
2164	7.11618194169881E-4
2163	8.9443117628399E-4
2162	9.76837110093178E-4
2161	0.00110654020285409
2160	8.15138809993776E-4
2159	0.00101905566570291
2158	7.29122544099674E-4
2157	7.81874607351578E-4
2156	8.72976263269795E-4
2155	8.40364953158612E-4
2154	8.24672687345396E-4
2153	6.85477454185406E-4
2152	6.84770770914577E-4
2151	6.04050813471176E-4
2150	6.3924202252316E-4
2149	7.0304149035666E-4
2148	8.55375420202128E-4
2147	6.87579069129864E-4
2146	6.26812317037449E-4
2145	9.83566271089523E-4
2144	8.61633775120397E-4
2143	5.81444735208445E-4
2142	7.85671658885394E-4
2141	7.53474879089974E-4
2140	6.54976368050637E-4
2139	9.78056690581735E-4
2138	0.00110319599097134
2137	7.77042181192137E-4
2136	6.85508142785055E-4
2135	7.38095623282702E-4
2134	7.47120076735394E-4
2133	6.42392254121164E-4
2132	7.42526869695512E-4
2131	9.93960811703581E-4
2130	9.44044376201721E-4
2129	0.00111426630917415
2128	0.00126804120359272
2127	0.00105590903489359
2126	0.00127668130689941
2125	0.0012826009046936
2124	0.00116317591067656
2123	0.0010176775750553
2122	0.0010600109729805
2121	0.00127637518640411
2120	9.40196841578723E-4
2119	0.00111030851381738
2118	0.00107617049728795
2117	8.67641794013873E-4
2116	9.78145043128675E-4
2115	7.87429221037144E-4
2114	7.58346654295278E-4
2113	7.66792800168001E-4
2112	6.32808927678226E-4
2111	5.30377648600635E-4
2110	8.74228988817018E-4
2109	6.20414566638909E-4
2108	8.26297532157788E-4
2107	6.0357745381826E-4
2106	4.68257970283813E-4
2105	6.15965376649871E-4
2104	5.85297314141475E-4
2103	4.37020906176242E-4
2102	6.87663696999408E-4
2101	5.53049965566441E-4
2100	6.48407659529782E-4
2099	6.11744260311681E-4
2098	6.82372609952296E-4
2097	3.83914952870165E-4
2096	6.16658303750196E-4
2095	5.15350649016653E-4
2094	5.21424078272372E-4
2093	3.7896276005182E-4
2092	5.57470946265632E-4
2091	6.3380614149863E-4
2090	6.90230359624985E-4
2089	6.39272802525935E-4
2088	5.10661080230891E-4
2087	6.38112342721995E-4
2086	5.86433260769485E-4
2085	3.12077756895637E-4
2084	5.52365990259797E-4
2083	6.86050506085615E-4
2082	6.92340166574635E-4
2081	7.5556708522512E-4
2080	7.64411074630364E-4
2079	8.46163230440753E-4
2078	7.76437926549694E-4
2077	6.86786312677556E-4
2076	7.15572659025236E-4
2075	6.99010589636954E-4
2074	6.62244276211358E-4
2073	6.44717783874224E-4
2072	7.0709617873998E-4
2071	8.62691480672312E-4
2070	7.12707256706805E-4
2069	7.57840469494639E-4
2068	6.60715884547972E-4
2067	7.87251333415319E-4
2066	9.08503915804223E-4
2065	0.00101046894182197
2064	0.00114199724647346
2063	0.00102012229448503
2062	9.61133573131953E-4
2061	8.50293183585869E-4
2060	0.00103914381063176
2059	0.0010645130339654
2058	9.18838376000839E-4
2057	0.00101529090803615
2056	8.94094212946265E-4
2055	0.00105087426506335
2054	9.51159229827488E-4
2053	9.50113446670856E-4
2052	9.95779214061261E-4
2051	0.00104824740776642
2050	0.00107299643803747
2049	0.00106716824336956
2048	8.69552730611521E-4
2047	0.0011280094775845
2046	0.0011222459906173
2045	0.00115318888518833
2044	8.67220596982586E-4
2043	9.08810259094644E-4
2042	9.10237924512871E-4
2041	8.63782571216101E-4
2040	8.77205742994039E-4
2039	9.48604032581564E-4
2038	8.52526601838422E-4
2037	0.00107944699087952
2036	0.00125692780024125
2035	0.00159308172329383
2034	0.00152280401318371
2033	0.0015076030963012
2032	0.00153633318402466
2031	0.00141116847927865
2030	0.00133101626664144
2029	9.14063916561545E-4
2028	9.20331411792442E-4
2027	0.00107260830608711
2026	7.24394768807127E-4
2025	8.62306456428251E-4
2024	0.00101909706560642
2023	9.00200347383106E-4
2022	0.00108711862664902
2021	8.75203460397065E-4
2020	6.38913022682812E-4
2019	9.94308189285006E-4
2018	0.00103506142138848
2017	0.00122973586146492
2016	0.0010242930876895
2015	0.00101063759772804
2014	9.53676032047679E-4
2013	0.00102347554385189
2012	9.28802824916885E-4
2011	0.00108943959195846
2010	0.00114604506248423
2009	0.00108621559232485
2008	0.00117995878716716
2007	0.00106811096950131
2006	0.00121382782143403
2005	0.00122602777373645
2004	0.00120570187213806
2003	0.00117138921851048
2002	0.0011633009672914
2001	0.00147449724957528
2000	0.00148996938238425
1999	0.00150267802164789
1998	0.00175826908066766
1997	0.0017674183336639
1996	0.00192545472175169
1995	0.00226238790215737
1994	0.00249467555703863
1993	0.00241272549632176
1992	0.00210878851316664
1991	0.00210615633163761
1990	0.00188324582059718
1989	0.00153697385138753
1988	0.00145999245318982
1987	0.00139793546027954
1986	0.00164798341669497
1985	0.00126942397293786
1984	0.00124986295555095
1983	0.00134883838525243
1982	0.00128804148155374
1981	0.00125797080702792
1980	0.00136772993186629
1979	0.00141643036302691
1978	0.00102452529733182
1977	0.0012253661179307
1976	0.00113698405349372
1975	0.00111340353792711
1974	0.00130383126879
1973	0.00119654395298291
1972	0.00134450665970606
1971	0.00151228987157892
1970	0.0013446319505414
1969	0.00159464778447064
1968	0.00188012152463625
1967	0.00178867940349804
1966	0.00190422900207664
1965	0.00223792875118862
1964	0.00213010329376286
1963	0.00201495095030915
1962	0.00209855059180947
1961	0.00220903679424122
1960	0.00224778621845805
1959	0.00238667638797138
1958	0.00195950829893052
1957	0.00206666566234283
1956	0.00200757760292957
1955	0.00218900558774734
1954	0.00212337398423644
1953	0.0020149624271142
1952	0.00190807529704474
1951	0.00187588485834121
1950	0.00170019972623488
1949	0.00158442316798103
1948	0.00161640261399294
1947	0.00186013561410414
1946	0.0019327430985
1945	0.00174447158452413
1944	0.0017827028329927
1943	0.00158668191061226
1942	0.00182627877072924
1941	0.00164020793554863
1940	0.00149985108862023
1939	0.0015744026546724
1938	0.00172241653000818
1937	0.00181446482525449
1936	0.00185783297512152
1935	0.00204628942047264
1934	0.00217752992524295
1933	0.00208125436108552
1932	0.00224331934767677
1931	0.00239967018213823
1930	0.00259295478055263
1929	0.00267553622550237
1928	0.00248438156557618
1927	0.00233565797924101
1926	0.002772762890603
1925	0.00239615096754483
1924	0.00223841948314822
1923	0.00210279326214737
1922	0.00197823673095284
1921	0.001954916885677
1920	0.00180091806502443
1919	0.00149075424389152
1918	0.00166529813370121
1917	0.00159187924661528
1916	0.00128429772946794
1915	0.00136024254766129
1914	0.0015634791241777
1913	0.00128344058522586
1912	0.00133350476245596
1911	0.00137627818074377
1910	0.00136766512704976
1909	0.00144228539397672
1908	0.00137092007235431
1907	0.00139548547945736
1906	0.00124497198568913
1905	0.00128664992037039
1904	0.00133981223512921
1903	0.00129473141918352
1902	0.00139616074861622
1901	0.00143628696669881
1900	0.00145159090061734
1899	0.00126126218219099
1898	0.00145524218701552
1897	0.00108344058769831
1896	0.00132311811107424
1895	0.00125417804572835
1894	0.00106761310809785
1893	0.00110020709160391
1892	0.00108281015748558
1891	0.00103071633956028
1890	0.00117631936032461
1889	0.00118308346587867
1888	9.28032182308441E-4
1887	0.00103279168181862
1886	9.65356888857868E-4
1885	0.00111069192708134
1884	0.0010581499424898
1883	0.00110689399579244
1882	0.00100453719312468
1881	0.00105221023029513
1880	0.00111284940076135
1879	0.00101794338677191
1878	0.0010799408533962
1877	9.15932430683208E-4
1876	8.78292971755742E-4
1875	0.0012879775564923
1874	0.00114087341075968
1873	8.32533413332384E-4
1872	9.40862593387066E-4
1871	9.49136701438043E-4
1870	7.99114825097205E-4
1869	9.20454994531867E-4
1868	9.59836494217703E-4
1867	8.47077844398478E-4
1866	8.2575986469284E-4
1865	9.95179980878069E-4
1864	9.26112585264578E-4
1863	7.39221447014477E-4
1862	8.87627053298706E-4
1861	8.75498778185379E-4
1860	9.70011718742949E-4
1859	8.59158075743554E-4
1858	9.31806685833542E-4
1857	0.00102619977404178
1856	0.00103478580097388
1855	0.00105454609431416
1854	8.78525415618566E-4
1853	9.10356188732886E-4
1852	8.03561518638356E-4
1851	7.71615891783171E-4
1850	8.05588674311069E-4
1849	0.00103607588754897
1848	9.17922808022984E-4
1847	9.64248003267932E-4
1846	0.00110189854073188
1845	0.00104944891328675
1844	8.38285126434381E-4
1843	8.35536320228911E-4
1842	8.60268989340355E-4
1841	8.81514052202003E-4
1840	0.00106540776203046
1839	9.88605045519235E-4
1838	9.78356509974018E-4
1837	9.79747202827664E-4
1836	0.0011430297590387
1835	0.00106901227287877
1834	0.00121824348361381
1833	9.44801451158608E-4
1832	8.19438573009433E-4
1831	9.13364151364835E-4
1830	0.00115127653184222
1829	0.00107332021647423
1828	0.00105935915443622
1827	9.92109161458716E-4
1826	9.6791408554718E-4
1825	8.85834140987867E-4
1824	9.93960965946356E-4
1823	8.85457868593146E-4
1822	9.82246289979443E-4
1821	0.00124179319632686
1820	0.00111857446985203
1819	9.6564302063199E-4
1818	9.61153121975586E-4
1817	0.00114219670523309
1816	0.00134012621058068
1815	0.00130994820022113
1814	0.00136703424553409
1813	0.00129447642159928
1812	0.00107696046023221
1811	0.00132399096522864
1810	0.00138764335971926
1809	0.00116890680100386
1808	0.00133592956742955
1807	0.00128361158333704
1806	0.0012598504666183
1805	0.00131922935364129
1804	0.00151963573518097
1803	0.00158198412125782
1802	0.00147144096896571
1801	0.00176932928739963
1800	0.00172328933274833
1799	0.00166951713062941
1798	0.00177719830250764
1797	0.00170839263403355
1796	0.00173364568970638
1795	0.00191618195456837
1794	0.00230483910157426
1793	0.00266748811168111
1792	0.0027441046514495
1791	0.00314709471697457
1790	0.00310054768634214
1789	0.0029008037203967
1788	0.00275906770312126
1787	0.00236411125830923
1786	0.0023954715623945
1785	0.00234885663637733
1784	0.00192314791821413
1783	0.00182274925043335
1782	0.00176777363475383
1781	0.00163641782493971
1780	0.0013334681326531
1779	0.00128756528840391
1778	0.00124047236973786
1777	0.00150644235657519
1776	0.00147641793774397
1775	0.00156802664107983
1774	0.00131417537772913
1773	0.00139517787366125
1772	0.00121626166389173
1771	0.00119789352014243
1770	0.0011567427301412
1769	0.00139976067788283
1768	0.0014314893422797
1767	0.00137495336669339
1766	0.00112952678090613
1765	0.00131626041443156
1764	0.00125808203320722
1763	0.00119365891041772
1762	0.00135499584254468
1761	0.00101459806091356
1760	0.00119593817876349
1759	0.0011286492423415
1758	0.00132505710843165
1757	0.00141801297388227
1756	0.00141219302263381
1755	0.00118574877532828
1754	0.00109359676609712
1753	0.00113444947907816
1752	0.00110906008992979
1751	0.00113070335051107
1750	0.00136561530340173
1749	0.00132196311831979
1748	0.00110896912096836
1747	0.00123441690119646
1746	0.00142155994646258
1745	0.00170926668785399
1744	0.00162990628907435
1743	0.00142508861556686
1742	0.00136734901505022
1741	0.00154346135965608
1740	0.00157880765696258
1739	0.00166819731518749
1738	0.00188593553468151
1737	0.00186743367958384
1736	0.00158087527565676
1735	0.00177998738892832
1734	0.00202037381210088
1733	0.00208548704563187
1732	0.00221630331421696
1731	0.00200951353828226
1730	0.00198563236926984
1729	0.00214557523234018
1728	0.00194675595754713
1727	0.00180856378800763
1726	0.00186119842680574
1725	0.00186081918380942
1724	0.00165684075095665
1723	0.00172179748519736
1722	0.00169519041217531
1721	0.00190108393475527
1720	0.00186062719725536
1719	0.00183078928650331
1718	0.00210759451412806
1717	0.00197721677489208
1716	0.00200376559555922
1715	0.00195419013941995
1714	0.00205593972826905
1713	0.00185129599491088
1712	0.0017298666960027
1711	0.001812003447605
1710	0.00186098452635216
1709	0.00220241122726312
1708	0.00209089476878081
1707	0.00205426590280636
1706	0.00219124276495346
1705	0.00230358932949055
1704	0.00226781506560873
1703	0.00238122264906106
1702	0.0024992710091678
1701	0.00244814091724251
1700	0.00232651817504296
1699	0.00246637881724957
1698	0.00259537165630502
1697	0.00285703920087255
1696	0.00266534538818061
1695	0.00296615898940607
1694	0.0030707589847482
1693	0.00292863079664677
1692	0.00329741063717265
1691	0.00352716831635815
1690	0.00349376141629774
1689	0.00357851459952788
1688	0.00370823872643322
1687	0.00385429538662597
1686	0.00400154998190444
1685	0.00427439630019681
1684	0.00437989609647751
1683	0.00422598695942992
1682	0.00436021964836751
1681	0.00451424254231846
1680	0.00449182428034215
1679	0.00456295532432651
1678	0.00450818430311979
1677	0.00434336462624681
1676	0.00426353076498573
1675	0.00411373896173913
1674	0.00428626752686826
1673	0.00420175920690074
1672	0.00388913563623652
1671	0.00403023077477936
1670	0.00404127655695546
1669	0.00404366116740427
1668	0.00379468542678706
1667	0.00385143680526584
1666	0.00390051325746258
1665	0.00422885793162636
1664	0.00402391533860872
1663	0.00408681171499111
1662	0.00423914787850047
1661	0.00439357364886858
1660	0.0047824892667775
1659	0.00460692811158658
1658	0.00471343646138804
1657	0.0048072516247669
1656	0.00477973812979231
1655	0.00533132125798822
1654	0.00532759541520247
1653	0.00539086660152955
1652	0.00550686000227511
1651	0.00558382178878953
1650	0.00585620571009145
1649	0.0062911627336763
1648	0.00661315762123205
1647	0.00672372722330383
1646	0.00693548000047656
1645	0.00706811068395794
1644	0.00733233427696301
1643	0.00771397741655489
1642	0.00784099761618976
1641	0.00827088990685704
1640	0.00871610460058704
1639	0.00933037108446684
1638	0.0100140379569746
1637	0.0107414969584633
1636	0.0116416091989453
1635	0.0122216163115075
1634	0.012993444007185
1633	0.0141549410880777
1632	0.0152223423637177
1631	0.0170194752824655
1630	0.0184412501291034
1629	0.0200532507285459
1628	0.0215610687421604
1627	0.0233385414368531
1626	0.0248333215143036
1625	0.0258071402018195
1624	0.0274058046623983
1623	0.0282675360160687
1622	0.0292277389168562
1621	0.0298094892527047
1620	0.0309231710217482
1619	0.032199483705552
1618	0.0338187320816166
1617	0.0356482500363238
1616	0.0378993212602896
1615	0.0410544237708813
1614	0.0452150348727476
1613	0.0506843957941592
1612	0.0578870625113266
1611	0.0668618240431586
1610	0.0789872421746804
1609	0.0937229223829698
1608	0.110581841355996
1607	0.129078306262771
1606	0.14571749523364
1605	0.154717484393938
1604	0.151233532338302
1603	0.137697965792103
1602	0.120251860270868
1601	0.102504635296409
1600	0.0876337900701555
1599	0.0740402902630665
1598	0.0643702091712177
1597	0.0583032532619949
1596	0.0534323874663822
1595	0.0508563160257813
1594	0.0497918725553077
1593	0.0494709504491071
1592	0.0524925697592586
1591	0.0567422105966894
1590	0.0636808342591642
1589	0.0731997989507986
1588	0.0832931527075398
1587	0.0917764888956521
1586	0.0960413451259355
1585	0.0947712526533828
1584	0.0888842473116954
1583	0.0797610481881977
1582	0.0689623515017832
1581	0.0594272777175164
1580	0.0517999396276912
1579	0.0454885508274812
1578	0.0404184278561229
1577	0.0359314155847669
1576	0.0327773768294715
1575	0.0296826053865454
1574	0.0272244377634324
1573	0.025522453876736
1572	0.0239820078833651
1571	0.0227241603677292
1570	0.0211184617796232
1569	0.0190824791756141
1568	0.018139981060387
1567	0.0171711576622634
1566	0.0162366469291928
1565	0.015557243601212
1564	0.0148309111603927
1563	0.0138554920098483
1562	0.0135437379799752
1561	0.013488466640906
1560	0.0129633563945174
1559	0.0124691614275302
1558	0.0120447373688815
1557	0.0119656002336632
1556	0.0120013844147842
1555	0.0116774916098636
1554	0.0115244961727425
1553	0.011203914508911
1552	0.0112410840358028
1551	0.0111846086147876
1550	0.0108098851203073
1549	0.0105215211618744
1548	0.0104051524884559
1547	0.0101985125393832
1546	0.0101338663244133
1545	0.00968746469253617
1544	0.00983954196240304
1543	0.00950896762322759
1542	0.00938251559685106
1541	0.00932763702844087
1540	0.00951912909729503
1539	0.00942849716204276
1538	0.00932139534888046
1537	0.00917468597325024
1536	0.00945846672186013
1535	0.00934477796525328
1534	0.00912113740601785
1533	0.00898284533857402
1532	0.00918608991857667
1531	0.00938509276512346
1530	0.00929794267201134
1529	0.00941790131746846
1528	0.00940019782868998
1527	0.00939532989812868
1526	0.00946212499488478
1525	0.00972730384767529
1524	0.0095744701540988
1523	0.00964237927215799
1522	0.00975441058731254
1521	0.00975747201506067
1520	0.00945783652586791
1519	0.00946792209535167
1518	0.00956053609025922
1517	0.00954778981004564
1516	0.00950926725410093
1515	0.009921144879759
1514	0.00997845637088293
1513	0.00992794193614008
1512	0.0101115175116748
1511	0.0101216261318845
1510	0.009955600339346
1509	0.0104503567785998
1508	0.0109019490740517
1507	0.0109823439105749
1506	0.0113067960226506
1505	0.0114644538189893
1504	0.0117201776010611
1503	0.0123752545925284
1502	0.0129045342382238
1501	0.0138448806781568
1500	0.0151155441460394
1499	0.0160365461368678
1498	0.0171301527173756
1497	0.0183378233214506
1496	0.0185418815092437
1495	0.0182717350850588
1494	0.0174462265675379
1493	0.0166476399439694
1492	0.0150704617819532
1491	0.0146260535494318
1490	0.0142489753676011
1489	0.0138049575749589
1488	0.013714150168555
1487	0.0133789126589592
1486	0.0132818830647115
1485	0.0133259641418254
1484	0.0133844195259366
1483	0.0135667247465462
1482	0.0137446058844629
1481	0.0138795328258462
1480	0.0137538486142939
1479	0.0141555992477139
1478	0.0145025034751988
1477	0.0142139881246254
1476	0.0147409572421058
1475	0.0151680012514028
1474	0.0154571637132595
1473	0.0155326785597214
1472	0.0158690901596124
1471	0.0163335603672051
1470	0.0168894653893986
1469	0.0172166140879312
1468	0.0174805734859124
1467	0.0175908165274648
1466	0.0179092967934342
1465	0.018458214715009
1464	0.0185322907448714
1463	0.0189723133754162
1462	0.0192565297913148
1461	0.019917467139925
1460	0.0200209264928035
1459	0.0201714212946324
1458	0.0207042224514248
1457	0.0211110232732399
1456	0.0214924269080775
1455	0.0217734140400993
1454	0.0224721737338673
1453	0.0225996089151208
1452	0.0230097415579824
1451	0.0235214001947954
1450	0.0243174340204501
1449	0.0243346794995882
1448	0.0247576983322862
1447	0.0257535362328672
1446	0.02578309137091
1445	0.0260592674536785
1444	0.02669169200836
1443	0.0270843758172656
1442	0.0271739233972419
1441	0.027305195470367
1440	0.0274794895154437
1439	0.0272384617279594
1438	0.0271086362292743
1437	0.0269044638732637
1436	0.0267287037220415
1435	0.0264005149587604
1434	0.0259194382769981
1433	0.0252105240843638
1432	0.0240728484576785
1431	0.0236034287308089
1430	0.023517207270609
1429	0.0225329597148924
1428	0.0217060588364107
1427	0.0207813358871511
1426	0.020685745954982
1425	0.0194491692436131
1424	0.0189248863554728
1423	0.018316491031443
1422	0.0175899715912528
1421	0.0170312680566912
1420	0.0164504484388887
1419	0.0157962370064638
1418	0.0154701360448297
1417	0.015096731977328
1416	0.01456614338745
1415	0.0141136026931598
1414	0.0137947389168106
1413	0.013498517848527
1412	0.0134008232622594
1411	0.013241943149051
1410	0.0126997992616949
1409	0.0126776630697662
1408	0.0124820799854988
1407	0.0125510511279076
1406	0.0126697983963067
1405	0.011963425022064
1404	0.0126176632070414
1403	0.012547491370315
1402	0.0127069586057923
1401	0.0130237805048528
1400	0.0129503867936155
1399	0.0134932697666508
1398	0.0137450426086003
1397	0.0138165179967248
1396	0.0148262325656948
1395	0.0158463427378402
1394	0.0175578930299758
1393	0.0194714758281072
1392	0.021469095071854
1391	0.0231863965115347
1390	0.0245481323063574
1389	0.0257700021290286
1388	0.0276791032033707
1387	0.0307867921588421
1386	0.0354618189528591
1385	0.0427923958733274
1384	0.0536426178387963
1383	0.068174177830846
1382	0.0847593068968307
1381	0.099051460524304
1380	0.105732827140114
1379	0.101082070669633
1378	0.0883225536038353
1377	0.072824610991332
1376	0.0584337043522397
1375	0.0466552386576392
1374	0.0383009366056573
1373	0.0321335801206135
1372	0.0279178147785081
1371	0.0249402630635093
1370	0.0228311573072295
1369	0.0207065728942425
1368	0.0190514083737933
1367	0.0173110790818363
1366	0.0160578694922198
1365	0.0148072476050859
1364	0.0134750453486048
1363	0.0127583134637179
1362	0.0120629381877828
1361	0.0112154459901621
1360	0.0108315480039972
1359	0.0102492473584889
1358	0.00999865884969737
1357	0.00966346300278906
1356	0.00929822106308321
1355	0.00903160957482948
1354	0.00890334503588422
1353	0.00879694347349773
1352	0.00854537775674504
1351	0.00852525678666847
1350	0.00791269316016934
1349	0.00761980583811049
1348	0.00788937774794512
1347	0.00799698356365842
1346	0.00762002799340892
1345	0.00800285336388688
1344	0.00792795684243613
1343	0.00811299979804747
1342	0.00797245789977722
1341	0.00840628547778142
1340	0.00840225723917776
1339	0.00908692016582872
1338	0.00953550984573155
1337	0.0104912250472504
1336	0.0121384197178052
1335	0.0132352040136885
1334	0.0142697197127116
1333	0.0151144812990616
1332	0.0144161016594926
1331	0.0135886350185101
1330	0.0129217070747273
1329	0.0117614302484212
1328	0.0110189644417268
1327	0.00992368337879629
1326	0.00916070977828214
1325	0.00882763881412662
1324	0.00886189940796109
1323	0.00841865382320592
1322	0.00824084374550715
1321	0.0082653296775919
1320	0.00847630314599727
1319	0.0087572356360876
1318	0.00924631856332659
1317	0.00960571844365281
1316	0.00988877146913474
1315	0.0102542856587649
1314	0.0107839707116016
1313	0.0109677136976748
1312	0.010620316698798
1311	0.0103789114963799
1310	0.00979002237642471
1309	0.00894246235197163
1308	0.00818823756164479
1307	0.00778040249060502
1306	0.0074381783888204
1305	0.00702115470431315
1304	0.00645096776654491
1303	0.00600183073044574
1302	0.00568361131186062
1301	0.00545676547920709
1300	0.00526164925925786
1299	0.00513370885864917
1298	0.00514892510269342
1297	0.00484636477058667
1296	0.00459880358475176
1295	0.00463120932923194
1294	0.0045371019100695
1293	0.00436483717435168
1292	0.00450462628218658
1291	0.00436175989387384
1290	0.00432374882982379
1289	0.00425308599264109
1288	0.00430711054736627
1287	0.00441677393885526
1286	0.0045050572365016
1285	0.0045213542025475
1284	0.00448989209823033
1283	0.00444991690667584
1282	0.00484837254879661
1281	0.00483051405174135
1280	0.00470648056351157
1279	0.00489732821176198
1278	0.00476075857910593
1277	0.00452743977128093
1276	0.00469820887193074
1275	0.00440410192368178
1274	0.00472599407412359
1273	0.00463981632175613
1272	0.00437485712210346
1271	0.00441669468091938
1270	0.00435869695226143
1269	0.00439309884390373
1268	0.00431930830028096
1267	0.00445158433963238
1266	0.00434099610846092
1265	0.00427841605544781
1264	0.00440841844203302
1263	0.00440708389354969
1262	0.00430677763432958
1261	0.00434319326823581
1260	0.00462491239076899
1259	0.00487018123761107
1258	0.00493187207531017
1257	0.00534887020693094
1256	0.00535290111336334
1255	0.00555403003090356
1254	0.00590121474601954
1253	0.00625877781768352
1252	0.00667456625177876
1251	0.00676600688761618
1250	0.00723274325863143
1249	0.0074312121166891
1248	0.00785805268547772
1247	0.00828541733694164
1246	0.00817127463242082
1245	0.00796689533401967
1244	0.00799707160771981
1243	0.00808618185801308
1242	0.00785809143469057
1241	0.00797224959776512
1240	0.00792980962950737
1239	0.00774340921750418
1238	0.00759286125904465
1237	0.00785107313704232
1236	0.00792746944097794
1235	0.00797026097422283
1234	0.00795527919062288
1233	0.00809019227300711
1232	0.00848633243971872
1231	0.0086116356716153
1230	0.00912755076350021
1229	0.00935293672255889
1228	0.00977306446865999
1227	0.0101739428191951
1226	0.0112267632281978
1225	0.0116383668387087
1224	0.0126593601192968
1223	0.0141775941189839
1222	0.0156120698698958
1221	0.0176811358011855
1220	0.0203888228135727
1219	0.0240827663081382
1218	0.02951656126768
1217	0.0383264968672376
1216	0.0542905691682182
1215	0.0829694414635042
1214	0.129687122641015
1213	0.194672261934223
1212	0.266799473218903
1211	0.318276674474584
1210	0.324727397434994
1209	0.277011114520595
1208	0.208153724307861
1207	0.147671537482802
1206	0.103685769819127
1205	0.0755050655162309
1204	0.0564634775514521
1203	0.0448970545533155
1202	0.0377197143113821
1201	0.0335274675763633
1200	0.0308351613050842
1199	0.0293662101115768
1198	0.0280001280923869
1197	0.0268601519289909
1196	0.0254352184016786
1195	0.0247605983992403
1194	0.0236825320525832
1193	0.0238608808203194
1192	0.0241016452525461
1191	0.0244420665247806
1190	0.0258455902465216
1189	0.0271454654052
1188	0.0288166851190007
1187	0.0314825237584396
1186	0.0351923118307029
1185	0.038701667894275
1184	0.04312290164302
1183	0.0491830652088354
1182	0.0560107831342416
1181	0.0626953795023699
1180	0.0686572912027696
1179	0.0711637403850789
1178	0.0677618832698274
1177	0.0606566678923577
1176	0.0526470927711277
1175	0.0457130026180259
1174	0.0395701332076058
1173	0.035298324792698
1172	0.0322109546950716
1171	0.0298630152947791
1170	0.0286176392901338
1169	0.0277498208081641
1168	0.0279169881800483
1167	0.0283388705119868
1166	0.0290022690554403
1165	0.0300360861432311
1164	0.0333462312753267
1163	0.0373262976836242
1162	0.040957708060682
1161	0.0464146620702624
1160	0.052564244377635
1159	0.0593652288423462
1158	0.0659587234174517
1157	0.0720963300929318
1156	0.0746100303138123
1155	0.0730299000536125
1154	0.0665625380052557
1153	0.058906430558639
1152	0.0493142560245812
1151	0.0417059153547537
1150	0.0352418553928638
1149	0.0301493626317496
1148	0.0262984156444121
1147	0.0231524467397439
1146	0.0210514852762249
1145	0.01894309685168
1144	0.0172851375778163
1143	0.0162062981777934
1142	0.0147871417907902
1141	0.0142805016940398
1140	0.013494114080179
1139	0.0126240801463838
1138	0.0121136375767516
1137	0.0116785309033983
1136	0.0111474765860284
1135	0.010487495896814
1134	0.0101044260001224
1133	0.0099057906969718
1132	0.00912436632428219
1131	0.00885771518992244
1130	0.00860877394256001
1129	0.00819296431436486
1128	0.00804365419988106
1127	0.00757544920342162
1126	0.00715321107338863
1125	0.00707427343691882
1124	0.00683286934847634
1123	0.0068504853301868
1122	0.00667528298368079
1121	0.00625117190647451
1120	0.00625587129538366
1119	0.00647171068348155
1118	0.00655685743143536
1117	0.0062339644053354
1116	0.00636417775033607
1115	0.00626198791832924
1114	0.00634717535781232
1113	0.00652713266061556
1112	0.00663473841920191
1111	0.00675922927725021
1110	0.0066363347576643
1109	0.00645196689411827
1105	0.00674088641217801
1104	0.0067294536805795
1103	0.00678863426852002
1102	0.00699382332435497
1101	0.00687960344131939
1100	0.00679773917957462
1099	0.0068725968604094
1098	0.00674228444013254
1097	0.00687302107945655
1096	0.00720580567761744
1095	0.00729669862592218
1094	0.00710528719747619
1093	0.00721943925367937
1092	0.00767078273268345
1091	0.00783520826213782
1090	0.00838379517300351
1089	0.00880553343647696
1088	0.00902315546545938
1087	0.00973227959393673
1086	0.0104271631153397
1085	0.0112779080017503
1084	0.0119608849006212
1083	0.0125207707231958
1082	0.0125570508005531
1081	0.0122546251909418
1080	0.0120265059413583
1079	0.0116554371894569
1078	0.0111331103853459
1077	0.010796956542271
1076	0.0100234528731573
1075	0.00971103542796826
1074	0.00966791649443773
1073	0.00950254957562232
1072	0.0091435623232843
1071	0.00918923654546388
1070	0.0091294952450452
1069	0.00908367946227379
1068	0.00889789501593859
1067	0.00894561032134226
1066	0.00910266444573349
1065	0.00921386258711583
1064	0.00924115862262761
1063	0.00950868279966071
1062	0.00940641915391672
1061	0.00977217122589572
1060	0.00972779874418983
1059	0.00988938912576057
1058	0.0100969982393192
1057	0.0100453714171042
1056	0.0106746813645561
1055	0.0109121067034751
1054	0.0112847808598865
1053	0.011667435575015
1052	0.0118067824688123
1051	0.0123106434877843
1050	0.0127436257182625
1049	0.013242020698891
1048	0.0140315419318316
1047	0.0144832671502799
1046	0.014979544554693
1045	0.016249774903149
1044	0.0171461744286194
1043	0.0178933935463548
1042	0.0194610361229234
1041	0.0210117240651017
1040	0.0227586076695871
1039	0.0250486623383365
1038	0.0284529296854756
1037	0.0341937422334391
1036	0.0459261575362938
1035	0.0697093983988906
1034	0.127996997275955
1033	0.253651512392411
1032	0.417336534072151
1031	0.510288246433207
1030	0.47795541306147
1029	0.339961187926024
1028	0.193589216145191
1027	0.107761284199113
1026	0.0674282077139804
1025	0.0499611129043944
1024	0.0438997578988279
1023	0.0417186444054779
1022	0.0387123241163269
1021	0.0344724204196625
1020	0.0308901621137504
1019	0.0288402546147779
1018	0.0283844068239869
1017	0.0289521717274388
1016	0.0309628528549689
1015	0.0336677188698189
1014	0.0379495449474004
1013	0.0440972327478873
1012	0.0532056792182845
1011	0.0668676863997449
1010	0.0890578287551489
1009	0.129822439982289
1008	0.217811950568474
1007	0.441795561783783
1006	0.718543197835371
1005	0.771988149095625
1004	0.762777848659722
1003	0.746676791344577
1002	0.732869581716554
1001	0.53202991135746
1000	0.277016804942188
999	0.161162557961332
998	0.110166830619688
997	0.0840102086222222
996	0.0733445446273765
995	0.071590866160185
994	0.074426910291459
993	0.0775571958992457
992	0.0768245664342731
991	0.0718411911537635
990	0.0619370034105553
989	0.051387334901589
988	0.0399309264371891
987	0.0326953417924106
986	0.0286998851827815
985	0.0267351139489668
984	0.0255762910550523
983	0.024068803018149
982	0.0233296930258217
981	0.0229509739922061
980	0.0225717844838487
979	0.0218624956469378
978	0.0214656127555602
977	0.0220756054406249
976	0.0219488722696573
975	0.0218286161127368
974	0.0211127897129203
973	0.0209363969320977
972	0.0202835585288723
971	0.0200495407956168
970	0.0200435322968569
969	0.0196650079633257
968	0.0186672163437712
967	0.0182193074629164
966	0.0173397982468862
965	0.0165468185367295
964	0.0158059767122305
963	0.0150627173093175
962	0.0144496317138403
961	0.0137817028201344
960	0.0134475391944438
959	0.0126473091483775
958	0.0121703896121904
957	0.0115474402540535
956	0.0114136755548352
955	0.0114606245078646
954	0.0110717881307535
953	0.0108735889690453
952	0.0109940307600025
951	0.0104295100677005
950	0.0102003460118313
949	0.0101838103179577
948	0.0101465266171358
947	0.00976484123787417
946	0.0094395694339874
945	0.00923853555856042
944	0.00878622813076121
943	0.00849154527997704
942	0.00843138207415284
941	0.00825247587302564
940	0.0078728262584687
939	0.0077511040125408
938	0.00782931418295395
937	0.00766522679365255
936	0.00731727570902429
935	0.00740564839892813
934	0.00702230784615429
933	0.00770589359267474
932	0.00757904230601723
931	0.0070840954969022
930	0.00690552528795452
929	0.00679089514769933
928	0.00660800674658065
927	0.00651235464886026
926	0.00613106598201748
925	0.006039478501345
924	0.00625384981813016
923	0.00616089896271341
922	0.00604002195005769
921	0.00610833060831993
920	0.00616930926713523
919	0.0059902579349816
918	0.0058935684517668
917	0.00586895458386874
916	0.00588498885161701
915	0.00569277304138359
914	0.0059795932809913
913	0.00630784851148331
912	0.00626977893229435
911	0.00607224023815126
910	0.00613344043529388
909	0.00622216095408209
908	0.00623066482674175
907	0.00638335716538345
906	0.00653229766276266
905	0.00704455752648957
904	0.00709888007825721
903	0.00773798621289506
902	0.00828636025159234
901	0.00871548592138873
900	0.00946684934827278
899	0.0104664003580415
898	0.0106840501907124
897	0.0111924695864205
896	0.0112551648759251
895	0.0111657577882665
894	0.01035705491804
893	0.00999511609879894
892	0.00916237953630571
891	0.00844952006483017
890	0.00793490424553455
889	0.00759929995804376
888	0.00740983649588695
887	0.00734407744214184
886	0.00696492859103761
885	0.0066451814034729
884	0.00656904734653197
883	0.00666807293941169
882	0.00648465764497158
881	0.0064276176211327
880	0.00623369854220453
879	0.00619630138153944
878	0.00659011657262944
877	0.00626041983485826
876	0.00624861147639961
875	0.00634030099152449
874	0.00646466272551883
873	0.00635562411438684
872	0.00656734595731402
871	0.00663111850692683
870	0.00656753411064946
869	0.00658708539931611
868	0.0066664833076537
867	0.00687153424765215
866	0.00651634079632426
865	0.00675394142358869
864	0.00691683879560019
863	0.00721896991576401
862	0.00753098109119485
861	0.00776324615807854
860	0.00807818852322795
859	0.00819097956403005
858	0.00851045578131421
857	0.00886661363845286
856	0.00896706831349927
855	0.00933916227142857
854	0.00980991173669199
853	0.0104538330280111
852	0.0109388815412227
851	0.0120215721034303
850	0.0127860929932042
849	0.0137284388765245
848	0.014854823783506
847	0.0159403699450467
846	0.0166416987236231
845	0.0176109027586407
844	0.0181206261056356
843	0.018509312124604
842	0.0187709714257521
841	0.0183568835239705
840	0.0179354677135885
839	0.0168467371813821
838	0.0167281527248017
837	0.0164808970881925
836	0.0157877583724924
835	0.0152035371930582
834	0.0146928452071452
833	0.0144101664774654
832	0.0145311729055226
831	0.0143431186624906
830	0.0144284475083227
829	0.0145886433923847
828	0.014589561782434
827	0.014992507551719
826	0.0150481330664772
825	0.0152206380895886
824	0.0156536228850669
823	0.0164177072963494
822	0.016999972266075
821	0.0181257863433947
820	0.0197632848960488
819	0.0214232542903276
818	0.0238597813835276
817	0.0273617774788527
816	0.0304953939079642
815	0.0338855460188421
814	0.0379497644862843
813	0.0411152811605988
812	0.0435297875440076
811	0.0446113129505756
810	0.0451002799329489
809	0.0442794781337253
808	0.0420724942537003
807	0.0405691040074671
806	0.0389148827330049
805	0.0370173651083038
804	0.0360019426597436
803	0.0345039408848758
802	0.0341467984732497
801	0.033874222805327
800	0.0346185197822533
799	0.0357079984661863
798	0.0374417436596211
797	0.0401354265248216
796	0.0441045998398654
795	0.0495443146999742
794	0.0595690271310625
793	0.0737016590639332
792	0.103159138281956
791	0.165482334868304
790	0.296786183816058
789	0.491601080374542
788	0.724587827182804
787	0.93102782969447
786	1
785	0.865236211951792
784	0.620029062636976
783	0.393966600408671
782	0.256158360360848
781	0.177714704906148
780	0.129454381226739
779	0.0974730659980468
778	0.0726351958871417
777	0.0526492668230497
776	0.0418839873423981
775	0.0342104439153901
774	0.0293043263732924
773	0.0258590803653769
772	0.0233334776579557
771	0.0214375860206061
770	0.0195146189092012
769	0.0182807426460713
768	0.0175314930592998
767	0.0161485744528572
766	0.0155576109903653
765	0.0152053125045545
764	0.0150481161283353
763	0.0148793604100496
762	0.0146793005434744
761	0.014426582633188
760	0.0140029787862056
759	0.0135523004820277
758	0.0133822790875143
757	0.0132123164823492
756	0.0126676064522227
755	0.0127487479380338
754	0.0127377897828923
753	0.0126196336584997
752	0.0127772996468436
751	0.0124447193632334
750	0.0124187950487139
749	0.012392385680654
748	0.0127845306167159
747	0.0125537579572273
746	0.0122439051123808
745	0.0126102996854979
744	0.0124862082933876
743	0.0130652457787354
742	0.0135022892729092
741	0.0139064253336935
740	0.01415162677073
739	0.0147581589734226
738	0.0155080243430558
737	0.0169127587220551
736	0.0181992104061827
735	0.0195446152558472
734	0.0211457441332295
733	0.022577493431713
732	0.0235104889980101
731	0.024476818313303
730	0.0245410030510265
729	0.0240804785450144
728	0.0224707132775775
727	0.0206710398774871
726	0.0193791424922116
725	0.017596115001027
724	0.0159415315988039
723	0.014974333753867
722	0.0135297377345595
721	0.0123903114923601
720	0.0115090236229068
719	0.011076757724442
718	0.0107355143953404
717	0.0104989176543246
716	0.00988907379068761
715	0.00947205904654864
714	0.00926239448233698
713	0.00914027919725338
712	0.00923521929889623
711	0.00925008683430102
710	0.00892765341168347
709	0.00916855812485822
708	0.00889703227896773
707	0.00851680544795563
706	0.00873577813522239
705	0.00901263426296308
704	0.00917200475394396
703	0.00924318060259829
702	0.00882868736794052
701	0.00919768797557984
700	0.00937607095664874
699	0.00937134253010892
698	0.00944373619402893
697	0.00966521756577573
696	0.00978054931642824
695	0.00967588463052348
694	0.00980530630448397
693	0.00951681401034914
692	0.00986778383746556
691	0.00965424464902935
690	0.00944804080141028
689	0.00936526198283474
688	0.0091860323517452
687	0.00881999868958491
686	0.00889143714513374
685	0.00858263488782068
684	0.00843984372999355
683	0.00845962754821345
682	0.00841535634688417
681	0.00842142057298762
680	0.00829179481869693
679	0.00839896123101874
678	0.00841387531346559
677	0.00859874135832601
676	0.00838485533501444
675	0.00804811183894658
674	0.00818715682821775
673	0.00815862766741664
672	0.00838936002383922
671	0.00864955854878658
670	0.00868311774359345
669	0.00828444753834643
668	0.00875717111119314
667	0.00843999455086461
666	0.00836593416236228
665	0.00869823786582503
664	0.00891219441807391
663	0.00893713548060058
662	0.00900908044657369
661	0.0092904281810667
660	0.00938076786053538
659	0.00939745292996816
658	0.00931791022194046
657	0.00935373550019214
656	0.00962671090826229
655	0.0098827222445694
654	0.0101194867731616
653	0.0102558620884839
652	0.0104048277731371
651	0.0103134715823629
650	0.0109311678828659
649	0.011519438415026
648	0.0114378119556523
647	0.0118854928256959
646	0.0125809388419381
645	0.0127171174805834
644	0.0133818652198712
643	0.0134641793335273
642	0.0146267671564894
641	0.0158958209239151
640	0.0165038926694525
639	0.0174752931615834
638	0.0184848536191698
637	0.0196790568409172
636	0.0215344740256985
635	0.0236661620668648
634	0.0260794751596092
633	0.0287403346080314
632	0.0329517575075738
631	0.0371764508385575
630	0.04377697712472
629	0.0515625223036839
628	0.0604507871833535
627	0.0717317001314326
626	0.0852178220079401
625	0.0994910301209661
624	0.111218629341683
623	0.119110216211787
622	0.12172047158185
621	0.116981117535498
620	0.10710534562464
619	0.0940127897400236
618	0.0806607966899388
617	0.069748656184445
616	0.0604901910139656
615	0.0528389246253911
614	0.0464511540771933
613	0.0411193548779705
612	0.0372469967425782
611	0.0333330796736624
610	0.0308654034747257
609	0.0289526474121588
608	0.0274538699275217
607	0.0263492752402105
606	0.0250192487437474
605	0.0241477183236926
604	0.0228790138190378
603	0.0224197674886309
602	0.022122398756981
601	0.0214561645057998
600	0.0207066899587965
599	0.0203730296558462
598	0.0194880657068967
597	0.0189016448312508
596	0.0184183832491579
595	0.018313448729799
594	0.0176934802789687
593	0.0176689447264117
592	0.0170775956455555
591	0.0167992565249417
590	0.0167160368862262
589	0.0165092567418959
588	0.0161069772899761
587	0.0158145937990874
586	0.015793390684548
585	0.015783785267112
584	0.0159185522187481
583	0.0160630457312387
582	0.0161120558704673
581	0.0160327415845649
580	0.0159515442000295
579	0.0156574604624619
578	0.0158186490187514
577	0.0160446324057815
576	0.0162225047518601
575	0.0162057837895621
574	0.0161651242628012
573	0.016051712737589
572	0.0159932542000699
571	0.0158744347917534
570	0.0159199485214686
569	0.0160722139789471
568	0.015832854081435
567	0.0161137322380795
566	0.0164411808245567
565	0.0164896506799059
564	0.0162874519687503
563	0.0165743933003622
562	0.0170749633897614
561	0.0169463217272298
560	0.016866979991826
559	0.0172589692512258
558	0.0175200828985608
557	0.0179539390457546
556	0.0186585157658711
555	0.0194331282748731
554	0.0203054430594307
553	0.0211033385154091
552	0.0214534713241093
551	0.0218168857097195
550	0.0223746204968218
549	0.022541388945474
548	0.0230098138578553
547	0.0230419503401509
546	0.0230385658823291
545	0.0233333582854728
544	0.0227127824951445
543	0.0230037141330627
542	0.0236484467470942
541	0.0242756599982323
540	0.0253423103857646
539	0.0262430764727978
538	0.02750962606306
537	0.0285503852811314
536	0.0301500711716464
535	0.0322190970683668
534	0.034529594206264
533	0.0369005792995804
532	0.0404302615389603
531	0.0451709862665943
530	0.051266759987691
529	0.0600762948416668
528	0.0715754440763004
527	0.0893217357905641
526	0.119679117581722
525	0.177178723440416
524	0.273309113800459
523	0.37158836830012
522	0.421428093288372
521	0.397178888102691
520	0.311776662561135
519	0.218161903090221
518	0.152447447158374
517	0.114324070739981
516	0.0928806611405645
515	0.0786363492518694
514	0.0685352423848969
513	0.0615626803817347
512	0.0555012165436083
511	0.0521563796348553
510	0.0505824069005001
509	0.0488345921895053
508	0.0482608605927984
507	0.0476038031755067
506	0.0464170057492487
505	0.0468828345957612
504	0.0463551748134078
503	0.0472590138221323
502	0.0477952277660029
501	0.0479894472584437
500	0.0489778432307369
499	0.0496302256237653
498	0.0502673138744351
497	0.0510932085530265
496	0.051901057803744
495	0.0529162394964696
494	0.0532856250255245
493	0.0536133087922456
492	0.0542099652127674
491	0.0544953612659884
490	0.0542349755760019
489	0.0541443888453082
488	0.0546724328292776
487	0.0546182273192131
486	0.0537845023575885
485	0.0538193424358182
484	0.0525984792129259
483	0.0519350022455901
482	0.0520068792704769
481	0.0521013352326106
480	0.0519102257429669
479	0.0511994328847511
478	0.0511893686978862
477	0.051623708013431
476	0.0516941220798674
475	0.0524410522437572
474	0.0533541687726275
473	0.0546823090227625
472	0.0557632626856375
471	0.0576361153252421
470	0.0593427827138418
469	0.0620935961376778
468	0.0650938266421262
467	0.0672025590909003
466	0.069787728010339
465	0.0690579742819508
464	0.0667073602433772
463	0.0646529163215571
462	0.0615003091048874
461	0.059558683010698
460	0.0582116527221007
459	0.0568591273461039
458	0.0556922897290728
457	0.0551583337908957
456	0.0551058189244692
455	0.0547861859108346
454	0.0551313450069929
453	0.0549011751111333
452	0.0539527325193235
451	0.0541847185096118
450	0.0535863809856535
449	0.0543119651776302
448	0.0543370526851032
447	0.054378085650762
446	0.0547144719719758
445	0.0549779260249227
444	0.0541499639961337
443	0.0541461548622492
442	0.0543922448119381
441	0.0546672436852798
440	0.0555286096378148
439	0.0559796655054566
438	0.0557545884775394
437	0.0553171377367364
436	0.0557072052568316
435	0.0557694412399139
434	0.056048418994171
433	0.0558166034878512
432	0.0559326886173467
431	0.0554688415791309
430	0.0552681896602305
429	0.0550896578634466
428	0.0549547116759926
427	0.0551833278101086
426	0.0554677272550549
425	0.0551286087801427
424	0.0559903162833098
423	0.0561349524875059
422	0.0560859856619337
421	0.0553553799078785
420	0.0563416401432978
419	0.0557819746765225
418	0.0555870002285349
417	0.055454907463877
416	0.0563728654335401
415	0.0559797968003348
414	0.0562227506573468
413	0.0563938000399707
412	0.0563493919681725
411	0.0574106112847697
410	0.0569537397961025
409	0.0578059684523127
408	0.0581652202424363
407	0.0580537449724878
406	0.0574412556224541
405	0.0571369165683719
404	0.0574484161376542
403	0.0570782729452348
402	0.056069892364904
401	0.0554776020375041
400	0.0550948642312211
399	0.0553296762862074
398	0.0550063737341129
397	0.0544094088223272
396	0.0538915613198227
395	0.0537447267618983
394	0.0532216505892565
393	0.0534463644782658
392	0.0537441770292207
391	0.0532926500184518
390	0.0533084614225274
389	0.0531090859425728
388	0.0523413624643477
387	0.0529694025481662
386	0.0529108899913994
385	0.0522730663511645
384	0.0523538420188134
383	0.0522134716042334
382	0.0525324455099244
381	0.0527321045452275
380	0.0525846078573436
379	0.0519466545274979
378	0.0517884205944034
377	0.051771000426753
376	0.05220811762041
375	0.0517376558636247
374	0.0520566220057626
373	0.0518735065478529
372	0.0517398306296336
371	0.0523844535370628
370	0.0523204767071754
369	0.0525367661414163
368	0.0521601014044893
367	0.0527802115815796
366	0.0525635072971119
365	0.0517373459099108
364	0.052552664264208
363	0.0531093748564296
362	0.0532608602167888
361	0.0536344460508325
360	0.0538921749204348
359	0.0545439211991185
358	0.0555882326054611
357	0.0562478609356237
356	0.0574185870473038
355	0.0582211216118296
354	0.0605511841830272
353	0.0625032108161608
352	0.0652514491111567
351	0.0684608863129937
350	0.0717295549971746
349	0.0746665033926224
348	0.0781168989612693
347	0.0795678831622106
346	0.0796457614992865
345	0.0784899257909308
344	0.076565294759877
343	0.0727906809911799
342	0.0687664825085367
341	0.0655967151146965
340	0.0634898867015841
339	0.0617873431478328
338	0.0597590873128165
337	0.0584046023566208
336	0.0576236921607927
335	0.0563250837523287
334	0.0541739812701139
333	0.0532211030102651
332	0.0524354138876699
331	0.0528475631519938
330	0.0517482494516843
329	0.051581050968461
328	0.0513221377371373
327	0.0503956039548414
326	0.0486903929550925
325	0.0485895723133538
324	0.0486794457968896
323	0.0484624713304934
322	0.048122414413971
321	0.0475484052088314
320	0.0474678146210879
319	0.0471559243034408
318	0.0474929088581161
317	0.0473899796890716
316	0.0473684204108253
315	0.0471461946862942
312	0.0452155970762393
311	0.0463817044908327
310	0.0466482502259625
309	0.047456709946735
308	0.0473901439633403
307	0.0470516404200982
306	0.0470944474975873
305	0.0467204820377966
304	0.0467199765499448
303	0.0466451322653807
302	0.0461846635381264
301	0.046235353575413
300	0.0464708898459323
299	0.0460761430856046
298	0.0467274619347064
297	0.0462714158276949
296	0.0462058980724905
295	0.0460392266368314
294	0.045913568852208
293	0.0460247058277608
292	0.0458089517816193
291	0.0459975739408384
290	0.0456495791369523
289	0.0454177279834133
288	0.0454947806017845
287	0.045992498628009
286	0.0458413915966149
285	0.0460499673210847
284	0.0462580669438079
283	0.0463074486196067
282	0.0465599084246026
281	0.0464642100940384
280	0.0461892868910599
279	0.0468862560489984
278	0.0472420840551051
277	0.0473582819132187
276	0.0472094658897594
275	0.0478416437531157
274	0.0472924117075594
273	0.0478074268785391
272	0.04806732568121
271	0.0480569970079738
270	0.0483509820758666
269	0.0489189479633678
268	0.0489300896731249
267	0.049427779632877
266	0.0497934624669878
265	0.0500104567107355
264	0.050276139114774
263	0.0509315788566861
262	0.0516940425420095
261	0.0513033113552398
260	0.0521735931743135
259	0.052717127571717
258	0.0533621801880936
257	0.0544594171465344
256	0.0539423503752584
255	0.0551167745888754
254	0.056369763759853
253	0.0571634211727767
252	0.0584075086904017
251	0.0593930781695449
250	0.0602933956157581
249	0.0612518100772753
248	0.0627403089718766
247	0.0640006844409142
246	0.0653784790795006
245	0.0671515342325368
244	0.0688264814458049
243	0.0708339587052399
242	0.0728547842772924
241	0.0753096036667851
240	0.0781402142935158
239	0.0814437290256931
238	0.0846022050485822
237	0.0881239107256506
236	0.0930979186710174
235	0.0972920938291944
234	0.10266091830975
233	0.109318542483643
232	0.116347841514994
231	0.123377972177688
230	0.133295848327409
229	0.143995238596263
228	0.156413825542909
227	0.169492302301212
226	0.18517468788778
225	0.200114803390311
224	0.216672680717024
223	0.236525055240536
222	0.253183340415331
221	0.269500554932956
220	0.282936454179201
219	0.292929524893116
218	0.297729540806474
217	0.300173736119251
216	0.296292783530701
215	0.288880166854486
214	0.276002889936837
213	0.262885854404101
212	0.245648397421351
211	0.228721808692203
210	0.211107071789498
209	0.19641895013025
208	0.181936066518914
207	0.16775090739162
206	0.156412013555909
205	0.145776381857701
204	0.13741507097972
203	0.13052002503163
202	0.124665919702541
201	0.120580349584766
200	0.116668542031453